# bnWt=1.000000000000
# znsWt=1.500000000000
# phiTarget=0.640000000000
# seedBase=467012885
# phiAchieved=0.639530525833
# patchXY_um=50.000000000000
# localThickness_um=30.000000000000
# bnRadius_um=2.500000000000
# znsRadius_um=1.000000000000
# overlapGap_um=0.020000000000
# insideBNVolume_um3=27096.236637212081
# insideZnSVolume_um3=20868.552800243648
# actualBNMass=56902.096938145376
# actualZnSMass=85352.380952996522
# actualBNToZnSMass=0.666672637632
# actualZnSToBNMass=1.499986565447
type,x_um,y_um,z_um
BN,9.966360695761,0.986841567639,-1.214796382120
BN,14.740595124526,-14.401343376364,-8.568086354068
BN,-10.188256838580,3.519723402064,-6.189310461963
BN,13.003012039561,-17.484932364690,-12.500000000000
BN,-12.627228313342,21.419607958953,7.399889034072
BN,16.232996958834,-2.175825365405,-6.246961798273
BN,17.182049316059,0.833886064556,3.759687467643
BN,-14.461999682434,0.806539439604,4.470904436149
BN,-19.310886991151,-20.651072087833,-4.375886726352
BN,13.905256297377,9.863500963070,-6.004426377037
BN,-16.444942818996,0.993447620243,-7.467913250507
BN,-22.488883242288,-0.001616213950,1.305495953541
BN,-22.453060197836,19.192164294461,-0.782412992653
BN,14.484585688539,4.538343134816,12.500000000000
BN,22.500000000000,-16.019578857308,-10.990235328970
BN,4.631844367740,-22.500000000000,8.318580533886
BN,-3.894722687101,-14.071046338749,-9.387672809302
BN,-17.992184873789,-14.554524338564,-10.299512475271
BN,-22.500000000000,-10.456179251889,-12.499700942587
BN,1.444916030219,20.576208415301,12.500000000000
BN,-6.987818587023,14.695211046765,-9.595826536356
BN,22.500000000000,-18.042698311357,-4.371759131008
BN,17.696297411903,-10.914907227544,-10.716459988130
BN,22.500000000000,22.500000000000,10.860165281301
BN,10.766768521077,-16.970922635262,5.255269089913
BN,11.448475076559,-22.468620671236,1.985074527763
BN,20.796419329699,-22.500000000000,-6.003434602356
BN,2.532952221405,4.961393836507,-9.764174578248
BN,11.070233329375,7.373466009205,0.043663580614
BN,-22.500000000000,-8.937309960544,12.500000000000
BN,6.297123254961,-0.033701262258,7.457812795980
BN,14.514385672536,-0.887473940780,-10.823706918627
BN,17.965120841003,22.442127824867,-10.962205636749
BN,22.499973439752,-7.796721986262,9.229890670335
BN,-22.500000000000,-16.719723180033,-8.926570614227
BN,22.434552406165,-2.394621046832,-12.155114022988
BN,22.500000000000,-20.539826576519,1.476686323689
BN,17.801876050605,-6.686702913154,-7.942176369662
BN,22.500000000000,-22.499983755039,6.098207287106
BN,-15.790529217465,-18.823304079677,-7.697491240189
BN,1.933362200616,-12.794261187753,-0.526590644381
BN,-7.821467853326,4.627532654277,-10.489330846767
BN,-16.039043556118,11.830449228355,1.600896586074
BN,-14.122149596847,17.483578138852,2.321753007436
BN,6.008509498742,6.707316887843,0.405311418455
BN,2.737981392718,22.500000000000,-0.869074179645
BN,12.508766243680,17.846387112867,-7.227951483273
BN,3.180950026682,-0.401739009324,-12.500000000000
BN,-10.812955927216,8.643160764553,-10.844462665924
BN,-20.587975222601,-2.250582294307,5.371093912616
BN,-8.814696044221,-5.965539439863,-12.500000000000
BN,-20.805338890304,-22.243281323846,7.557239545148
BN,-8.022372546517,-0.557409838555,-4.103387709808
BN,-8.894684374023,-13.968293736552,-8.951529584817
BN,-14.713709437071,17.570571953310,12.500000000000
BN,-5.871925658000,12.823548822841,-0.715469257969
BN,-17.901402011399,7.432947690396,0.053646622444
BN,11.733169615826,-5.242846249518,-12.408662016070
BN,-17.150537530820,5.914901626681,-12.500000000000
BN,-20.423302639596,-20.938026913934,12.438753205771
BN,-20.710455497432,-7.741141481653,7.964904362574
BN,6.391292271676,15.142653222106,8.249363348819
BN,-4.883604584022,1.088245061043,-12.500000000000
BN,-14.209289174737,-0.118719537370,12.500000000000
BN,14.643020655416,17.659990702955,8.233795399260
BN,-2.052272734315,22.500000000000,-2.370359332600
BN,3.512914103343,11.886261332781,-8.916111046227
BN,-22.500000000000,14.704276407905,6.269094124336
BN,-16.313990500365,-9.831578625754,-10.578500799563
BN,-0.336637089693,-8.738858228221,-7.593612126976
BN,-22.500000000000,-18.867650510200,-0.832654461705
BN,-0.841366695733,-18.880238919938,9.178951761650
BN,6.845377997782,-14.412928577990,12.379877500453
BN,4.628976401166,13.883906487035,-1.209750615937
BN,5.363379908309,-17.612008263656,-8.558197424137
BN,1.195057870284,-10.313402642899,10.445791495754
BN,-3.368521793912,6.556821385448,-1.714261527203
BN,2.270187197838,-0.282794693651,4.470818835858
BN,7.504563360333,22.419655781438,-7.055866777772
BN,5.272867438341,4.313007151562,12.489354218727
BN,13.540385496112,7.915305844415,-10.617125811885
BN,-18.992082830937,-15.640814695659,-5.501537366188
BN,17.910220920276,20.119681379779,-4.737762202397
BN,7.426539103915,10.697235303114,6.006039991982
BN,3.484486657202,-20.461838240738,-12.500000000000
BN,12.868658298973,-3.000990297317,-2.399995360824
BN,6.426463536555,-22.500000000000,-8.979843692660
BN,22.226961340331,-21.053055299338,-10.726783321263
BN,3.438975296059,-16.257445782377,9.183692289813
BN,22.491983093398,2.919749878270,2.302822373788
BN,8.944537237307,-14.713803376490,-5.406885733910
BN,22.500000000000,22.500000000000,5.810904387659
BN,10.341095430986,17.496404529905,10.815861701800
BN,16.170180003977,17.665036611896,-10.657464143673
BN,3.305556153818,1.174738385950,-2.163256469572
BN,5.761683064380,-0.745536535843,-6.098486405466
BN,-0.410074278283,1.714042846550,-7.291022803555
BN,1.937706523853,-14.567296799007,-5.923496512451
BN,16.697281917734,20.790235422905,0.087123678986
BN,1.468094635802,7.908325040934,-1.367428547582
BN,5.701050717230,22.500000000000,10.660241135409
BN,-11.175487888862,-10.342425651757,-0.900243939045
BN,13.079952634579,-11.756775117917,-12.500000000000
BN,-4.533246797769,14.722272339875,-5.216931944902
BN,-19.800431568615,-6.619866432825,-5.781217007533
BN,-5.317493903504,20.867962974546,1.113201461426
BN,-2.513704528691,-22.493556019706,0.880775423347
BN,-22.324150027417,16.956239595579,-12.463065415641
BN,-9.382065936554,22.500000000000,3.725373520841
BN,-2.639186877863,4.934826586417,5.340625149701
BN,-1.521914514249,19.000012944649,8.760302355954
BN,17.800637786233,-4.295403907771,-12.493124402267
BN,22.316523452362,-2.096880931037,-5.900632076358
BN,-22.072262172104,12.492252009793,12.500000000000
BN,-20.843312365944,22.500000000000,12.500000000000
BN,-20.483832799042,-14.155258970741,-0.860629075539
BN,-11.625808247454,14.121140927734,10.559206805775
BN,10.391182382093,-18.797726805237,-7.942465103678
BN,-15.345286125410,-5.696342292833,-7.902343139215
BN,13.383327626654,4.057367279149,3.143832429317
BN,11.064271827829,-13.438621856509,1.581542283548
BN,-4.335106472941,-2.999172449599,-6.541217188548
BN,-22.500000000000,-22.500000000000,2.838911710097
BN,-13.032437105083,7.698656194921,-6.441940623682
BN,5.621197063476,17.790698171919,12.500000000000
BN,-6.023050097869,1.348902896367,3.014962649577
BN,-9.143703845125,-22.500000000000,0.632620306168
BN,-13.036830181739,-0.514072976076,-10.831324686453
BN,17.937693863209,-17.682161692786,5.168113184401
BN,-9.042497779631,-5.031606033120,7.795506294965
BN,-17.418978788611,-5.315061584718,-12.470714130821
BN,16.165408170586,-11.905564168691,10.977180974997
BN,10.950919732616,-5.602970288211,-7.397562541642
BN,3.905552068480,-7.110649001902,-0.651117860934
BN,-5.782054957753,20.612528906158,-7.696327494368
BN,-6.621258754246,-11.163846933148,-12.439653409293
BN,-15.901875513363,22.500000000000,-7.767367424088
BN,-17.506994682060,-12.863895610223,7.448022065884
BN,11.925252889750,-14.296604351891,12.500000000000
BN,12.038781348356,-16.888941910113,-1.932147476053
BN,-18.784936337699,22.471730286922,0.214608757446
BN,13.879386933887,-21.037022112784,12.500000000000
BN,-13.059934061208,-16.319098139369,10.807914955419
BN,20.945088741282,0.714361168535,-1.973064907971
BN,-10.107935352189,14.640369702866,1.273438165611
BN,14.520040930158,-15.919451637926,8.418772297096
BN,-10.562152636077,-14.544652265644,6.831380580948
BN,15.944333408318,0.965888975222,-2.333020555364
BN,5.192511647501,-4.724550978160,12.495510636779
BN,-18.314421606985,-15.763112879798,3.430054529625
BN,-5.702298190004,16.225782930743,3.184748186088
BN,-6.509731362817,10.628565930058,-12.500000000000
BN,10.167223755837,-22.460595756339,-4.344873465013
BN,2.660081550990,-11.929252127563,-12.500000000000
BN,-22.404391406830,-18.089837699461,5.235099858438
BN,20.700407429403,1.298985957637,-9.231006326300
BN,-12.178298094437,7.524323508483,12.500000000000
BN,-8.526609706994,-1.824407907492,-9.052064083373
BN,-14.998291649886,14.081696675558,-7.950405971538
BN,8.980285968377,7.736342735779,12.500000000000
BN,19.067460514371,9.298630687066,-6.394169088916
BN,12.040683496118,22.465427610706,-0.916262865358
BN,-7.089205024669,-19.906457866422,4.407929360257
BN,-22.500000000000,-6.475398444889,3.448732069306
BN,-10.033468367563,17.693663735827,5.257432929799
BN,10.567539821634,6.186392405976,-6.738534185472
BN,7.962647611226,-1.928839872761,-12.438966198936
BN,-20.899115624826,9.294498336160,-12.500000000000
BN,22.451781887240,-15.523653075068,1.286748292781
BN,22.500000000000,16.190729950897,6.059844102328
BN,0.112123987213,10.997023435614,-12.500000000000
BN,-14.739938915302,-10.502520661866,-5.788923972513
BN,19.445343078217,6.878576139002,1.806763353827
BN,16.602830877748,12.989265551450,-8.859785512904
BN,16.647793091933,-9.190927601380,6.397596208896
BN,17.847782335553,-19.455162309417,9.863725003720
BN,-9.174384571118,11.629626844774,6.935373762606
BN,-2.725031365897,14.252293430151,7.018354268341
BN,-17.614343847207,5.874541000257,-7.379558717106
BN,-22.389623447236,7.295892924932,-8.142903087366
BN,-2.997787649915,16.940798258892,-0.983634368630
BN,14.433681882472,-22.500000000000,7.729347285554
BN,3.402646763910,6.891084520531,8.430887094812
BN,5.589336878486,-12.139743245207,-8.367464228617
BN,22.500000000000,2.421428042049,7.298020476971
BN,-18.628312583216,-12.214135505222,12.473089595751
BN,-8.839774749420,3.985829563730,10.793614095521
BN,-2.415884002442,-17.635618163494,-0.381990868240
BN,-14.097614800993,-15.410206326107,-4.410029043403
BN,-2.001532752528,-13.631157321455,12.500000000000
BN,-4.587139132354,-15.117987353312,4.444728166612
BN,22.493370298867,14.161990042741,10.651637725462
BN,-18.048272137185,-16.800343918938,10.515886152144
BN,20.973424479626,19.041578944005,2.051100536911
BN,1.956352161893,-4.404829011283,-8.670077617452
BN,22.500000000000,-17.602577751646,7.260819641427
BN,1.601021768960,-5.139568284471,3.391762151319
BN,16.786663624328,14.324935294809,0.302681175698
BN,-22.450117670160,-10.555811718445,-7.425016590776
BN,2.598183448928,-20.607824093500,12.500000000000
BN,11.454394031570,12.685010726652,3.764270531813
BN,11.716241225242,-9.590490031873,10.763317292863
BN,6.936843847192,-12.694489720669,-1.272646351996
BN,10.698302368207,1.242216043132,12.500000000000
BN,-2.009131384853,-5.325661637353,7.029563003938
BN,-20.888395826525,22.500000000000,-4.343356054325
BN,18.913235594247,17.165768822485,12.490347703632
BN,19.179494039983,-12.642042960789,3.774488968021
BN,9.423383818127,-3.097927707524,10.256530921359
BN,-22.500000000000,17.763014104354,12.370989405949
BN,16.400499166114,-17.861800262485,0.392640196626
BN,-8.589001743095,-5.494239081340,-5.335243828578
BN,-6.134852885683,-6.602332711062,12.500000000000
BN,18.418241059096,20.971423764806,8.369565620803
BN,-15.898629554406,-6.310793456552,7.993728974244
BN,0.265996939916,-9.516574059785,5.460984609182
BN,22.500000000000,10.814909054483,1.194601981991
BN,8.608217852970,-5.334032734727,-1.132731925631
BN,5.443572406286,10.884422572868,10.733248237057
BN,-14.259607225453,22.500000000000,2.474289449179
BN,3.443326244699,22.500000000000,-12.500000000000
BN,21.012919329931,-11.537735748406,12.228871405382
BN,-20.532912257723,7.714096732945,12.500000000000
BN,14.485861075106,-0.794115552005,7.668723455371
BN,22.500000000000,-5.764326253913,-0.770154852429
BN,4.972492342750,-10.082917316881,7.112817938948
BN,8.416336828208,-19.525223835221,-12.500000000000
BN,-22.500000000000,-9.553492900507,-0.516834543582
BN,-12.128985189849,16.660684120518,-12.500000000000
BN,2.678502989817,-21.317687421342,2.062116433827
BN,-3.949007700860,-0.706505561788,7.346851057724
BN,-3.695923967583,-17.127103643919,-5.410062082100
BN,-15.024533306117,-19.167501288698,5.099532702588
BN,-5.516713710911,-20.707107364630,9.115065317403
BN,21.145402862672,9.405390044314,5.847568324162
BN,0.250914925174,20.749329364674,-6.630568270691
BN,14.372769938776,15.024631666203,12.500000000000
BN,-16.069306437988,22.371829715160,10.953128139141
BN,-14.078523163327,-22.500000000000,-10.736716504617
BN,-18.609084617092,17.185431709714,-6.108423120416
BN,-20.644941330413,5.143130615212,8.189784527991
BN,19.140022924112,-4.755982451080,7.069062469826
BN,8.643507514924,15.940823625662,1.176028614912
BN,13.138962936154,7.426235768354,6.859769908487
BN,-2.863893577530,5.355872590764,-10.794562880182
BN,-7.583765868635,8.845652702917,10.863986875070
BN,0.910376494445,-22.495433556160,-6.294271944010
BN,13.823872649784,22.500000000000,7.044565208114
BN,-0.461318425874,-1.880069452436,-3.465657378452
BN,-22.500000000000,-12.378383454345,7.262118378690
BN,10.519303848912,-0.610381054636,-7.694473954340
BN,0.926251714095,12.137441956887,4.298809586041
BN,20.992772101425,-2.090004134630,2.300352783672
BN,12.788626025342,10.601246566002,10.732361810496
BN,-9.326333392310,-22.500000000000,-12.498169465226
BN,-17.240973611442,-19.003560808653,-12.500000000000
BN,-3.106476717587,-11.949636638555,-4.906741040834
BN,19.926590145088,12.027482188889,-12.500000000000
BN,5.549713565624,15.286407092742,-12.475541126336
BN,-17.571671586095,0.885542771207,-12.467383580638
BN,-19.307355698814,1.239064414878,-2.401155491873
BN,2.120958721506,7.315626122220,3.575509156649
BN,5.827318330394,7.767281526722,-7.219662483457
BN,-4.483955165055,-8.589452119443,4.127269569759
BN,22.400181997271,17.385339582663,-2.512628110411
BN,14.269226638433,5.586735447770,-3.401121763296
BN,7.451564024174,-22.500000000000,12.486103938963
BN,5.903608287955,-15.965707673721,4.520648449318
BN,-16.390362198463,7.365479125939,9.686082329816
BN,-8.470221424562,-18.647649180433,-7.113566974054
BN,7.030808079118,4.075500334969,-3.868681509648
BN,22.425382201332,8.390460626503,10.856750170370
BN,-15.062929975705,-20.969465045649,9.785936214059
BN,2.833912760529,18.050966827460,6.052562780960
BN,-20.559403741913,-3.632136331407,-1.733033882415
BN,8.962150661859,6.067598222426,4.413697048076
BN,7.324286924260,20.974764396367,-2.225484820049
BN,7.709208217244,4.395660886233,-10.847454237005
BN,-20.495983887019,13.210470551798,-3.664735112432
BN,-9.878792122309,1.520218664724,6.390606781891
BN,0.255416212058,14.279160205556,-3.738686180464
BN,-5.207141016269,-13.446059482283,-0.247888731166
BN,-16.526102938636,2.335544054966,8.783909147764
BN,-8.238356512114,4.715650744888,-0.166757781553
BN,-12.600512367190,7.817306208448,6.425213354704
BN,-18.710485798491,17.582836537633,4.660353616505
BN,-0.898695220766,-22.433689264838,5.633517650355
BN,-2.799935329228,-5.590668483221,-10.630298159827
BN,10.987545790440,-9.759688561864,-1.833124962902
BN,18.443322413913,4.487415310096,9.413545652486
BN,-18.753359100211,10.756760644084,-8.161706254016
BN,-11.325885291675,8.758083149487,-1.802258125719
BN,-12.327151396836,-5.567904408041,3.991098966761
BN,-22.500000000000,20.744988451765,-8.844280717692
BN,-1.438647919411,-0.029446926061,1.097282739325
BN,10.262417418228,17.158441916077,5.769168574743
BN,-5.285388406568,0.878584506373,12.500000000000
BN,-8.066908877682,-10.241378280516,7.506650827126
BN,-13.980879923879,12.811877009365,6.098545660449
BN,-20.436466244140,-22.500000000000,-10.837434057322
BN,22.499665325332,-3.014535682522,10.757280398962
BN,-10.363222657897,11.911484299500,-7.014448242231
BN,-22.500000000000,14.520889961225,-8.076888488962
BN,-9.739664832203,-10.235557002330,12.321864921231
BN,-20.431776830289,10.826322065915,3.821134909160
BN,-14.197206820366,-13.662970819948,1.345548128921
BN,-19.203828124956,2.434634021432,4.216422463738
BN,3.837542236348,-7.049295924089,-12.500000000000
BN,-17.753580670347,22.500000000000,6.225847279124
BN,-5.677411297942,-22.413738727074,-8.907215939128
BN,22.500000000000,-20.977750794432,10.976812752093
BN,14.806766586937,-20.839829044036,-3.321083356127
BN,3.392455014427,18.197361441200,-3.654541867646
BN,0.909565830910,8.442238442902,-6.327607895987
BN,2.858601642368,16.842368420805,-8.458643594923
BN,22.263725073161,-7.620620983824,-12.500000000000
BN,16.149299312524,-7.052963244089,1.692332391288
BN,-16.496140886223,15.667814880704,-1.714435627068
BN,15.717070518905,-7.101224914126,12.497566594092
BN,21.493521697751,-8.516732619550,-5.049871126264
BN,22.500000000000,5.990595527962,-12.248569752982
BN,-8.285971374676,19.099892706564,12.500000000000
BN,10.451981650645,14.205868587069,-12.500000000000
BN,6.107599264778,-7.147951951334,-8.004636803016
BN,-20.669508549132,2.548930861120,12.500000000000
BN,16.864508991095,-8.284058491204,-3.121530457993
BN,9.439449681880,-21.092178662407,7.994013680594
BN,15.587856728868,9.498816653592,-0.480132493061
BN,13.594174167681,22.500000000000,-5.689717520232
BN,-22.500000000000,14.544490610174,1.156914068640
BN,17.701506042055,-15.718534527225,-12.433909081474
BN,22.473994912206,20.222967380654,-10.849202802637
BN,16.684956765289,-22.155773063116,3.255683405557
BN,5.004599804077,-2.452321896631,0.862975484880
BN,-15.002819409295,10.857799703624,-12.500000000000
BN,-4.538209127585,9.184638952571,2.591884935745
BN,-7.826016369213,-16.491485941822,10.562839772498
BN,-13.173281908826,-10.507501099539,8.394369918104
BN,-10.100527808163,20.810288884532,-10.533652685350
BN,8.903743231239,18.725275184956,-10.633904155045
BN,-20.655010427393,-1.528762104859,-6.412171453540
BN,-12.215337832537,22.500000000000,-2.115989579821
BN,-1.141661416218,-20.809023234504,-10.581758591887
BN,-2.992845332417,10.126251483567,12.500000000000
BN,-18.139227635034,19.112302462561,-10.720017562501
BN,-18.277944797135,-6.063401515991,12.500000000000
BN,17.875495783481,-3.604563317093,-1.570146660212
BN,4.153633434096,22.500000000000,3.947182544344
BN,-5.784332404898,20.147325954736,6.317980579362
BN,-0.696725797697,-8.671449663465,0.607189757799
BN,18.686225841118,-12.550248077462,-6.074682449171
BN,-1.372314639212,18.756881116580,3.404986823380
BN,9.727123729481,10.725715597566,-8.955496069661
BN,-0.874394397049,-13.961346783343,7.619331324255
BN,-3.944883154575,5.260871369491,10.414641707366
BN,12.466160629333,3.378110863476,-12.500000000000
BN,6.796383626501,-14.773789099246,-12.500000000000
BN,12.514865610364,-22.500000000000,-12.500000000000
BN,5.996052833741,-22.486260411326,-1.551834972408
BN,16.494482009398,2.833251054812,-6.960189188684
BN,-21.092920913226,5.831779561277,-3.474929133766
BN,12.101405768823,17.613807258435,-2.229761194204
BN,-11.650398499084,-16.480768067337,-12.500000000000
BN,-9.595248952442,-0.993762044532,10.726491940971
BN,-8.062569127583,-12.408314850829,-4.253185046211
BN,-13.059852402178,-0.589961653458,-4.116142127529
BN,8.705793698556,20.868435849834,2.599505120539
BN,22.500000000000,13.174205714445,-5.257447632115
BN,-6.688976127247,15.017637966853,10.042526007063
BN,0.736185168149,0.762210732189,9.205839514152
BN,-10.292945918855,-22.500000000000,9.065641064593
BN,7.912138918472,10.318308155022,-2.516559401252
BN,-18.014594041884,14.491852163119,8.569823368841
BN,10.710685040121,22.500000000000,10.982641663771
BN,11.742724137400,22.500000000000,-12.384148948428
BN,22.318395535933,5.512634068619,-7.014481659147
BN,11.777078297702,-10.155771291953,5.571667274652
BN,18.844217817077,-17.267530698958,-7.784264175445
BN,20.718114422492,15.853145771203,-9.110830816233
BN,-8.560745622005,17.612759042906,-4.426548928203
BN,-22.500000000000,9.806918853294,8.280241054512
BN,0.960040750339,-16.250171961927,-10.592147397270
BN,-11.017555162630,-17.073008145449,-0.804787598791
BN,16.898772069485,-20.492041020195,-11.103626856504
BN,-17.161542598570,11.450516518466,12.500000000000
BN,22.497942580139,5.509325555257,-1.997695137408
BN,2.150746311762,-18.956128900400,-2.473543725570
BN,-16.007063921421,10.973963334216,-3.445614966851
BN,-7.058947554754,-22.467881621463,-3.933904794096
BN,0.464321383563,6.482148644095,12.480506051078
BN,-3.233550139379,11.437259833158,-8.783414292537
BN,22.500000000000,-10.762648237243,-0.304133845843
BN,-22.413614732782,5.047028409844,1.373390733681
BN,-5.902408268801,18.855944141125,-12.471880770910
BN,-22.500000000000,-1.497619409923,10.160103248280
BN,-22.500000000000,20.767559545981,8.047321041071
BN,-21.029593896316,2.593044536838,-9.253724489460
BN,-15.179097126169,-7.415511068017,-1.677853939400
BN,-10.119644254618,-1.441174704167,2.175222105494
BN,9.870832293230,-5.163078507519,5.632929629262
BN,-22.500000000000,9.753949394092,-0.625530262727
BN,-3.844013356831,9.388606885856,7.559468282329
BN,-4.869423246862,22.500000000000,10.657132198032
BN,22.500000000000,3.521201496164,12.208218344402
BN,10.750325223864,13.635435628961,-4.994816219645
BN,-12.652489019354,2.292268709676,-0.026253393789
BN,11.816363206755,-10.749472211139,-6.685497060424
BN,-5.375486090439,5.622537538667,-6.219959633253
BN,17.545105093447,4.958898715363,-11.449240418763
BN,6.682084069546,1.947583698825,2.673819796039
BN,22.476782491504,-11.350847753656,-9.145564834427
BN,-11.306877465202,-10.014162773452,-10.888148705333
BN,-12.399121923900,4.177328122707,-12.500000000000
BN,22.500000000000,-12.528661852656,7.537703605598
ZnS,-8.694337278565,12.172601523080,10.566627366874
ZnS,19.404847605426,1.120246140729,8.355071514063
ZnS,18.731758505992,10.112712845843,10.482372156789
ZnS,-14.630876158748,-6.824415590081,-14.000000000000
ZnS,17.423867246024,16.343615789603,-7.494640985233
ZnS,-22.130969402527,-12.539217374274,3.765212905864
ZnS,-2.485477335818,-8.407803469757,-12.717225686622
ZnS,8.331723913123,24.000000000000,8.865817889965
ZnS,1.546468283762,9.663161843869,9.553643412884
ZnS,5.382540695743,12.194001481998,14.000000000000
ZnS,5.420514589061,18.176548481016,-10.470350587633
ZnS,-8.814173113721,-3.961922802974,4.430202762805
ZnS,5.534463859916,-9.572914259141,13.957912871633
ZnS,-7.183972996000,15.591961717021,-13.235334804856
ZnS,-10.207934051745,-20.358171069678,12.330944354628
ZnS,12.057251621219,17.160807538277,1.260688823342
ZnS,14.271313551622,-4.336061039537,-10.134298138985
ZnS,-11.204120630252,-4.778527732431,-3.024773885970
ZnS,-21.680088742104,-5.905918482006,10.909779532876
ZnS,-10.365219476012,-15.541882635524,13.034506922017
ZnS,-12.168820659192,-18.343967803479,2.501456048228
ZnS,10.361920020669,8.808953673269,8.918752642564
ZnS,-14.160020588030,-23.931039976862,-13.969113329006
ZnS,16.251497242095,8.470660319635,-3.780567980038
ZnS,9.686506580103,24.000000000000,14.000000000000
ZnS,17.530975827015,-23.992844677928,-6.134749205488
ZnS,-2.193774206332,0.115486057584,14.000000000000
ZnS,-0.440769874420,9.682467560375,8.413563242606
ZnS,15.640024413727,18.178294247100,13.933796774098
ZnS,-17.606717400657,-9.389511613523,8.274915534354
ZnS,-14.284406084692,22.155763436197,13.992072565503
ZnS,17.977414284733,24.000000000000,3.746615327364
ZnS,-3.250279280752,1.991141779708,-9.505215377645
ZnS,1.859947129846,-15.997051111988,1.250471902343
ZnS,15.693884817145,20.600021834868,12.385147604382
ZnS,22.274313799041,9.257878258655,-2.288172175215
ZnS,-0.854946674239,-2.188989984739,8.133883872528
ZnS,24.000000000000,-24.000000000000,11.980001315735
ZnS,-14.324241522749,17.102940841507,-9.688066075432
ZnS,-5.130569376666,-3.768885417845,5.860838903866
ZnS,-19.660329676781,-10.172245873918,-5.313060155581
ZnS,-22.176638970596,14.774770523125,9.789848827175
ZnS,-5.547766092446,-3.522388252009,-9.861695698068
ZnS,16.716190948718,14.637990252766,7.388297213490
ZnS,16.508389391004,-16.985011767227,11.983814251861
ZnS,23.916921675202,-22.141168845079,-1.327855789538
ZnS,-7.305892703538,-14.939673436808,2.216055282332
ZnS,18.313469627043,23.867879225479,-0.718631675646
ZnS,-0.274326577548,22.070139101142,7.174695902027
ZnS,-20.153142714297,-3.710060229768,-14.000000000000
ZnS,-18.212795339932,-1.668974999496,-8.943241816411
ZnS,17.623124585429,-22.632885158683,-4.460769401828
ZnS,-4.322237830003,-4.576342077758,0.242082060666
ZnS,18.177183751752,9.350833262902,-14.000000000000
ZnS,15.332865834520,2.490187724398,-10.265238978263
ZnS,-22.071379118566,-15.004380643915,-12.508418291048
ZnS,16.722424626154,-9.643607371875,-6.366773021142
ZnS,19.638937183462,-0.895935267336,14.000000000000
ZnS,8.181918242684,-11.338578593507,1.727635915375
ZnS,-20.308328448429,-20.270688386217,-14.000000000000
ZnS,18.757525575314,-22.207003165157,14.000000000000
ZnS,7.634928664669,-22.948659409488,-12.255315350047
ZnS,16.158644773116,-23.861985196673,-0.000858118143
ZnS,8.197311773223,1.789404164142,-6.277895275372
ZnS,-13.827761609927,17.074052579718,9.056398744636
ZnS,20.066385217404,13.220081687182,2.021078370823
ZnS,1.182247658609,-1.334338902303,-6.541170373204
ZnS,23.960770904755,19.067333735316,9.949365311690
ZnS,-13.167926147820,-16.177004830182,5.117972419691
ZnS,3.046762336924,-11.209270148845,4.068542602531
ZnS,-18.725021311186,-6.507307259707,-0.861928678756
ZnS,20.149087088560,11.960519992565,3.640972369358
ZnS,-7.877385940494,12.675215829097,-4.642023478727
ZnS,-19.172790260699,15.328690476611,1.996619733119
ZnS,18.626911066273,-14.316732337835,-0.799055532341
ZnS,14.899465393860,20.665011317997,-11.990069124902
ZnS,-23.999632849018,-13.658789479509,-6.064290795651
ZnS,16.783007448970,11.836359096132,-5.538831633303
ZnS,11.088073914632,1.094327807139,5.472683882837
ZnS,-7.061991390677,11.447629248238,-8.210315659434
ZnS,21.643945531788,7.857343236747,-4.477189734397
ZnS,1.839351722717,22.728294286440,8.104994951186
ZnS,23.627173706931,17.148769147881,-7.611119626377
ZnS,7.677154102331,-9.691846443157,-12.086142521928
ZnS,8.794488295058,20.761766399064,6.741482247356
ZnS,22.098235297834,24.000000000000,-5.719132394544
ZnS,-5.976673894619,-1.770542254623,4.645088398806
ZnS,-0.891413444809,14.575727171046,-8.853662373766
ZnS,-20.756034796552,-17.143689765470,8.221116770398
ZnS,-13.508869366975,13.730996758488,-11.120423514569
ZnS,-11.768349139998,13.195840385479,-11.994832565171
ZnS,8.625377291678,-24.000000000000,0.476420482902
ZnS,-19.083321898615,-16.375210353453,-13.982938770731
ZnS,22.028709396536,16.432561706890,-14.000000000000
ZnS,11.466501838650,-0.149187243470,9.359260117333
ZnS,-8.915855119114,-17.660039928392,6.952304298416
ZnS,19.553498990397,19.254930621337,-1.394358906860
ZnS,-17.133365450775,-0.015914023700,0.066473432046
ZnS,-16.720685126344,-10.341282235416,-2.883576357088
ZnS,-15.898003857022,3.639781837026,2.953995162732
ZnS,4.909009711144,-15.495794180668,-2.073034948233
ZnS,19.271968833829,-0.407906770373,-6.418756707431
ZnS,-8.838342634776,-14.318311202867,-12.453630336020
ZnS,-20.314604000826,17.370143423895,1.523369380480
ZnS,23.765686445545,-13.314318300882,10.730494779715
ZnS,3.236954920059,-12.785160065189,8.642567574143
ZnS,-20.463433962172,-17.333150196340,13.020582819164
ZnS,-3.801138795824,19.534819211758,-3.690900507225
ZnS,-0.264572531941,9.383470459944,10.403526784130
ZnS,19.727201361467,22.043795093829,-1.304745097538
ZnS,9.078898136709,-12.338613385245,6.159393318098
ZnS,-8.788418345586,-16.243963949241,1.790212674542
ZnS,-17.577401257501,-13.792601117329,-2.812943427543
ZnS,-24.000000000000,6.587846751450,7.939538722729
ZnS,11.243598197037,-2.514044038861,3.765168982768
ZnS,23.338776859243,15.711427478595,2.675007066559
ZnS,-13.540876380007,-2.353923881463,3.224556049778
ZnS,17.657557998677,-22.432238726126,-14.000000000000
ZnS,9.058633533513,-6.986000488747,-14.000000000000
ZnS,-5.598657568341,2.438923949886,9.113859759907
ZnS,-23.881976637354,20.356208287113,4.836195091504
ZnS,-12.214144439122,-14.830988389624,14.000000000000
ZnS,2.042610785256,-12.995884144162,12.561528609852
ZnS,14.204873209806,13.140235632611,-11.820725434616
ZnS,17.262240911240,-23.976618217583,6.242453126920
ZnS,19.289971784860,8.788309952029,12.406368252711
ZnS,-8.145271915109,-0.508840031811,-0.585756992991
ZnS,-12.886357269896,4.616518368071,-8.166099158703
ZnS,19.477701816844,6.424875504340,-14.000000000000
ZnS,6.811736963768,-8.666030898609,-13.595829739349
ZnS,-6.627175772440,8.407070722184,-2.597040519198
ZnS,0.089882873286,7.819308657269,9.175456103990
ZnS,13.817703185589,18.447769155731,11.894057135103
ZnS,21.879483756417,24.000000000000,14.000000000000
ZnS,-8.428853213220,-5.761074814987,-9.007190422880
ZnS,7.537127485226,22.037655566347,5.807913488931
ZnS,-12.159573304997,22.123955044232,13.937133514435
ZnS,-17.357968253099,-3.647403329522,-4.013519349056
ZnS,1.836711310084,-12.626511612857,3.289053634964
ZnS,6.755295898576,9.359016801975,-10.301675966970
ZnS,-10.271771659490,-11.316166796959,-13.990364125314
ZnS,2.428077095275,-0.836700337167,12.062843703162
ZnS,1.806269724552,-3.742795213201,0.157134453972
ZnS,-10.730711811735,17.372386408264,-7.268703103765
ZnS,5.633128041482,-24.000000000000,5.295696165290
ZnS,24.000000000000,-5.233772431829,13.875167304880
ZnS,-15.084772361970,21.929271711283,-4.073286860888
ZnS,-23.975190413873,5.515013314277,-14.000000000000
ZnS,-5.119943502231,0.771314642840,-2.619880094048
ZnS,-5.852131497528,-21.484018858538,1.356312499775
ZnS,-14.533957595747,24.000000000000,5.872445298304
ZnS,-15.429740023213,-2.620060072449,6.776885089085
ZnS,-8.027155247123,-0.488541353155,-12.350915778381
ZnS,-3.322164548960,16.979168835410,-13.958641236389
ZnS,-23.944701657488,-3.336541734061,2.012929007951
ZnS,2.240925948700,17.280965430609,-12.042646130517
ZnS,-16.359228021606,-1.410454764647,-10.090668922319
ZnS,4.683099689208,8.877930337330,-10.357753982653
ZnS,13.505241641961,-17.297052419887,-6.993548298988
ZnS,19.231959762328,-1.574847851770,5.304442267874
ZnS,0.946895521212,-17.776364837818,0.661155171350
ZnS,19.475184466004,17.549492196030,7.463335368905
ZnS,14.340352038389,-6.628512611399,-7.300556013318
ZnS,-11.969137594268,7.108445809595,3.015709753100
ZnS,3.726624618063,22.325710742414,7.436836387749
ZnS,-3.166299281943,6.037891787017,1.761399225365
ZnS,-12.590147448108,-5.222338199921,7.484208752887
ZnS,5.082008606705,-18.400764180219,6.926032543601
ZnS,-19.489606430357,16.940153983259,10.653354792279
ZnS,-8.895605359833,-22.140972860954,-7.035230029330
ZnS,9.060627750036,-10.525163731772,12.876253703394
ZnS,-1.793757183992,1.323502705954,-10.735337857194
ZnS,-17.714145896848,-20.538637845346,7.475667060402
ZnS,-10.309868400782,24.000000000000,6.788863154075
ZnS,6.582661127745,22.048596295121,-10.681220444046
ZnS,-3.362329501558,12.351980634799,-12.180917425234
ZnS,-19.289675769237,-11.253707835952,-8.808832599878
ZnS,-17.428095546952,3.937838063613,-0.296640865120
ZnS,-2.419194601948,-22.048454215923,-7.345255005769
ZnS,4.258811774103,-16.214459774134,-3.852331863261
ZnS,17.660841253827,20.415483342420,11.963925817845
ZnS,22.356856704323,-5.201283628135,-4.241882142737
ZnS,14.795868756969,11.398888061566,13.518889147869
ZnS,-17.657023468353,-0.725969922705,4.124901511992
ZnS,-11.504700527083,5.939479468856,0.306147690066
ZnS,9.870995627016,-19.467950916958,2.941326612911
ZnS,-14.798748945295,3.986074688578,-8.326405832432
ZnS,-0.068663164292,2.427684612028,12.200635059475
ZnS,-15.711662413173,5.628838324386,3.252871922009
ZnS,-13.057475891190,4.635399689184,-2.621655111911
ZnS,23.912598134650,20.711260511095,1.019718599303
ZnS,-16.825136917673,-9.229347535635,11.993509958685
ZnS,-15.074066269415,-2.709314972234,-1.811242109705
ZnS,1.283559850751,19.569306924917,1.202481606035
ZnS,6.900034419730,-18.421496017228,2.083290398981
ZnS,19.555505718750,15.387618327092,-14.000000000000
ZnS,3.893220182684,-9.335332088037,-9.779610078048
ZnS,14.054991446212,14.785064837567,-10.657767091013
ZnS,-0.832068646190,1.041837481096,6.064539885878
ZnS,23.988400609041,15.240878114692,-10.464694807947
ZnS,23.860156974955,-3.170201178770,14.000000000000
ZnS,-11.822221073828,15.680522141970,-7.105599679266
ZnS,19.313126860630,-24.000000000000,6.713397889155
ZnS,1.465644873981,-19.757891394075,5.356958018827
ZnS,9.331193919571,-24.000000000000,-12.567971690192
ZnS,19.967449577635,6.802284043716,-4.081449480318
ZnS,-5.849236946504,-9.660718066871,-4.184072904936
ZnS,-3.616275312596,2.604244743866,0.253487790931
ZnS,24.000000000000,-8.196528633623,-9.492663936855
ZnS,-10.896429778507,-2.970276427647,-12.179478035902
ZnS,15.134232047861,6.859797444447,1.804643428574
ZnS,23.978691876473,-3.231082679018,3.809229284615
ZnS,18.019712929058,-0.578757171736,-10.735537299578
ZnS,2.604568930135,-23.837841385491,-14.000000000000
ZnS,-8.910759690917,-15.656949669103,-5.310226931444
ZnS,3.387006100262,-20.724622809766,-8.991176870831
ZnS,20.661916282502,-5.226352987041,-5.983805840126
ZnS,17.453182249773,8.731012690523,9.669341143416
ZnS,7.638995936924,-17.946309057567,-5.893575173584
ZnS,12.164791848444,20.339315904720,2.217715458072
ZnS,2.488072101184,-22.290331149444,-1.337175233547
ZnS,-13.886563918250,-8.182849007211,5.780950791281
ZnS,-11.844873868340,5.838879688710,-3.699440131511
ZnS,0.981607119694,-9.115950114982,-13.915443076430
ZnS,-15.426967117826,1.420019367563,-2.072552074136
ZnS,-16.218019388985,-16.766194786176,0.316912572233
ZnS,-17.098866027608,-12.183040125214,2.681019334988
ZnS,2.550090214637,1.327658432804,12.169016340374
ZnS,-24.000000000000,-22.009828950402,-0.315874370708
ZnS,-15.447646503082,22.002441307192,-0.801590068367
ZnS,10.842377564287,5.034301594139,13.885256583105
ZnS,-10.322408768986,-0.122491871826,-1.089294370879
ZnS,-19.533208991220,14.680628813942,-14.000000000000
ZnS,22.234231156332,-21.268439660704,-2.977221853674
ZnS,23.110978841469,12.035738253272,-14.000000000000
ZnS,-23.854593710180,11.490382464255,5.501496233376
ZnS,-0.288516145063,7.622545132540,-11.581975787678
ZnS,15.780350662941,-2.605025526323,1.310188614110
ZnS,7.103528444442,-7.857258625892,-11.465142604110
ZnS,15.504777937692,-4.805809899932,-3.878198523315
ZnS,11.966848389777,-5.548609621566,10.483583983698
ZnS,0.932682169775,-12.039275152973,-8.671480084472
ZnS,-14.906114301159,13.234448055828,9.640647630724
ZnS,-14.070506382992,7.356684471519,-11.196234345350
ZnS,-2.926365481325,22.018859611864,7.616896498763
ZnS,5.611167593672,4.346641120966,-8.021465624376
ZnS,18.590538418540,-24.000000000000,-1.266101744472
ZnS,1.038676311715,-13.877157657090,10.725953719778
ZnS,20.344927581031,-24.000000000000,-2.267359143114
ZnS,-10.567368722198,5.746027941814,2.392380243364
ZnS,9.534715409075,-24.000000000000,10.055793642011
ZnS,-9.415668532490,12.000470216517,-0.949644409046
ZnS,18.756317702599,22.679923431009,2.227182229387
ZnS,-23.227407712366,0.865583271791,-6.014545907378
ZnS,11.440126238158,13.446339208381,14.000000000000
ZnS,19.290276377722,4.255744094409,6.004822109383
ZnS,-3.354559026329,20.692755067340,-10.672453476227
ZnS,-22.215740469502,-4.229469082233,-4.781006455103
ZnS,11.891123816523,-5.966496258354,-4.024987209146
ZnS,13.108078541248,-4.325585770533,4.533275511323
ZnS,-24.000000000000,-1.476017377325,-1.511074089496
ZnS,3.282818896422,-2.178969428753,14.000000000000
ZnS,23.298169039397,20.772907927608,-2.841867433940
ZnS,-16.641578187381,-2.843071545264,11.620321463947
ZnS,15.046073913508,-24.000000000000,14.000000000000
ZnS,20.528380662761,-4.551096116054,-3.681230708393
ZnS,-1.366203641870,3.085249610676,-0.937615818303
ZnS,-19.240007913871,10.078200003541,-4.729014998203
ZnS,17.019658987610,23.429839204384,-5.939642013217
ZnS,-17.398288627086,8.274929937685,14.000000000000
ZnS,5.621308049888,-8.216875902743,12.390151769327
ZnS,11.237729694397,-14.318521542049,-8.092302269519
ZnS,-4.236330797809,-9.231292771696,-0.434541614807
ZnS,22.579713076436,9.203111107118,-6.181195652330
ZnS,20.152309852715,-14.594195020634,13.814060325690
ZnS,-10.294034700900,-13.983583661505,10.464306893049
ZnS,8.885036196583,4.810333735973,1.124650224532
ZnS,1.332382570731,-2.178833034304,1.503846958687
ZnS,10.395180065750,-6.219707563049,11.560563711774
ZnS,-9.524715773069,11.691110427529,3.104315432042
ZnS,-17.024121073255,15.783768077212,-12.137461949925
ZnS,-8.550515669515,-19.739012746989,7.605887029653
ZnS,19.864929263413,23.918475973236,12.723346148740
ZnS,-7.039290907441,1.064068590002,9.452597804164
ZnS,11.771888739259,19.714067779126,7.851332922436
ZnS,24.000000000000,-4.202510200456,-3.623067588405
ZnS,-14.613298740828,18.476563921365,7.588835290032
ZnS,3.104899826614,14.528560030281,5.852125841920
ZnS,14.088738920773,-7.744710940911,4.461079938083
ZnS,-24.000000000000,-7.543862292822,-3.071621478575
ZnS,-23.138836353314,-6.646784795355,-4.665542890699
ZnS,-15.233565773493,-20.815032235832,1.995930603783
ZnS,12.614196266021,-19.982892393517,-0.235122408886
ZnS,-6.119926912453,16.025948652208,-2.356009348776
ZnS,-16.743718056325,-22.831318534209,12.298845409093
ZnS,-15.428928721885,-18.476193249067,12.265723001923
ZnS,9.589646695704,8.173171591864,7.163825104092
ZnS,11.719369027123,-4.773656867526,0.415530624167
ZnS,-2.029986185344,21.924976300841,1.814419438128
ZnS,5.270421347646,10.233618661676,-13.971425387783
ZnS,-12.185483824246,-24.000000000000,6.504645798556
ZnS,-1.911661994387,-1.687521925100,10.093706425067
ZnS,16.089643478635,6.563773414329,5.097715191019
ZnS,-1.376421074524,-3.005310207993,12.143330977537
ZnS,-6.208600028398,13.275135013410,13.498323899680
ZnS,-10.572473097546,1.721261470541,-3.187925542521
ZnS,18.084678367966,17.644284362093,4.307881775525
ZnS,17.637929442399,18.129457269999,6.444795612262
ZnS,3.941818411641,2.204252929282,9.019214845763
ZnS,4.544936483869,4.541463004400,-6.316887186254
ZnS,-23.573108618388,6.879812307178,9.914523861602
ZnS,19.499647833385,-2.129250553548,12.371767074408
ZnS,-3.362408684219,16.212853962438,9.871484466671
ZnS,-5.353947596879,-23.872611071995,4.752022398981
ZnS,15.713058896864,-2.497994275745,3.331738217276
ZnS,-1.114327391251,-16.191768084761,4.906758496612
ZnS,15.484825262565,-24.000000000000,-5.789597844450
ZnS,9.549799479344,4.524645887382,-1.436014877556
ZnS,-12.524494522859,18.564660628269,9.456370520376
ZnS,-21.368122662512,-18.037659333974,10.572617969433
ZnS,-18.960893802636,19.141482675283,1.341058118285
ZnS,-23.821377923437,-11.510572367916,2.138765525793
ZnS,-21.006575126371,9.729803328472,-3.813449654281
ZnS,-17.293484235866,6.443896895692,13.032065586150
ZnS,-4.035794270538,6.320781332948,-13.970409195890
ZnS,-24.000000000000,23.900099035103,-9.275180594279
ZnS,0.072909744939,18.325213358630,-13.898183911386
ZnS,9.981640470192,-15.874428582991,-13.621785120833
ZnS,21.998087890148,-24.000000000000,9.242795498204
ZnS,-21.882108720991,24.000000000000,1.378058592413
ZnS,-19.027985608582,13.698973924930,5.293425787744
ZnS,23.927911475977,-7.435815120792,13.900782164945
ZnS,-16.392608385939,-7.493593083282,-5.010825737649
ZnS,-11.828897678986,-8.547329824532,5.798073384615
ZnS,-13.257326923139,16.490675349598,-5.937471739682
ZnS,-23.972717377961,-7.383517161121,6.514155931142
ZnS,-9.007921858493,-5.102607035815,13.873571065065
ZnS,3.936014212847,18.378946852821,-12.003767393509
ZnS,5.438850753762,24.000000000000,13.908335692193
ZnS,-9.103701045384,-17.872851245421,-3.738838588452
ZnS,-17.968239655179,11.012590068240,9.101786037286
ZnS,19.866782676586,-13.792773676923,-10.284611434010
ZnS,12.501716046420,-20.081256017401,9.405016635445
ZnS,-15.111008641427,-4.735322751993,13.778425970477
ZnS,-20.485687635799,-23.773503379231,-1.865755447577
ZnS,2.788120483245,1.686433131293,-5.749000750451
ZnS,7.392263268652,17.853013231129,3.853399481184
ZnS,3.357020854166,24.000000000000,8.504800731536
ZnS,7.754407115765,-18.497890511109,6.296882545160
ZnS,7.880038971517,3.736854045882,-0.260469147915
ZnS,-23.929690071208,-10.749194107594,-3.502916028431
ZnS,-5.548652127952,23.877223164024,3.565155705669
ZnS,18.039657153300,-5.594010816443,10.319877263554
ZnS,6.829873524437,-11.585705132644,-13.999680224322
ZnS,-18.827861281435,-19.812820695372,-9.198993844636
ZnS,12.663175065249,18.790727258822,-12.503940734760
ZnS,-9.043382655386,-9.141715856396,-14.000000000000
ZnS,-18.632045258631,-9.782089479569,-2.538447365502
ZnS,18.234199794448,15.934800976775,7.695430816747
ZnS,-18.668178361518,-12.069735759688,3.947833887487
ZnS,-3.024389335844,14.910729191936,14.000000000000
ZnS,14.470625787734,20.098809524544,2.724228740718
ZnS,17.449189537981,3.263483173749,14.000000000000
ZnS,22.156792343260,5.703215546216,6.029383285584
ZnS,-11.293719150532,21.254832270098,1.044793182534
ZnS,-7.580318354724,10.711252712448,-5.224117766934
ZnS,13.514311705581,6.562917609263,-13.919792896971
ZnS,-8.491801759652,-15.993745596525,-13.977699653037
ZnS,20.476404023316,-4.719015116829,-10.221588917993
ZnS,7.032961526036,-13.300746624702,6.664198466941
ZnS,-14.882417661802,5.304855783655,12.110000226025
ZnS,-15.812748020361,-18.576295618499,1.550406333008
ZnS,13.040746256337,15.088210941886,6.389997212093
ZnS,-17.561251713315,23.734132002500,-10.615838375049
ZnS,-6.519573342557,-20.388909228934,-12.113740817846
ZnS,-15.842320202596,7.514795999829,-4.076025614381
ZnS,6.406825653901,-14.398621433814,8.827271890544
ZnS,-11.201448027450,-8.076399926279,1.793234436558
ZnS,-5.339426536865,-6.230373779852,-12.992710954886
ZnS,15.897332710497,11.049780968648,4.547404654596
ZnS,16.890738110311,11.066232545353,-14.000000000000
ZnS,6.981967849405,-3.990455459261,-6.715871875769
ZnS,-2.548754528026,-20.352057728990,-2.720748012867
ZnS,-13.684092714900,8.181871552842,3.096050642613
ZnS,-23.856353161389,-6.135604047478,8.098318837740
ZnS,16.896525024480,21.016347390391,-13.997935045920
ZnS,-13.295442180164,22.078137582775,-5.439509805069
ZnS,22.236809899339,-23.014561374600,13.978296464091
ZnS,-22.649131750791,-4.190232808460,14.000000000000
ZnS,-21.866294306571,-2.395310867764,13.504197500279
ZnS,15.584063450054,4.567713171447,5.843222280110
ZnS,21.638443418013,-18.131510706945,-0.959248979504
ZnS,-12.591574848243,-5.307432470077,-5.744515093881
ZnS,21.947454454635,17.643828466818,10.771227816511
ZnS,-21.985402338469,-3.480606823040,1.523127487638
ZnS,-5.960877114020,-7.927346369908,-13.905538613198
ZnS,11.286823772620,0.655594434110,7.434420625948
ZnS,-9.116663213040,-4.975536646453,2.674943909551
ZnS,-15.875764871784,-10.671218691169,2.134377192716
ZnS,-2.748197688420,13.990850336688,3.386463413635
ZnS,16.617085614829,8.247439890684,-12.294623589175
ZnS,21.900727154875,10.973413137894,-7.938451925994
ZnS,10.528031917426,6.403532201366,-11.960455869725
ZnS,-6.804934161367,-4.798217653916,-8.288724967809
ZnS,5.901680020943,22.222629659931,6.989896242890
ZnS,8.712265901770,-16.439769830522,2.446800879606
ZnS,0.697237028371,24.000000000000,12.038005806618
ZnS,7.301460824938,-9.407180379128,2.252444896461
ZnS,24.000000000000,-23.476277189009,0.188845688108
ZnS,-3.921527204137,-22.156824531693,-5.499225336339
ZnS,-12.239821782761,19.026944367381,-1.543594937649
ZnS,16.916200639936,21.985348992870,13.513484361465
ZnS,-24.000000000000,-7.496956250896,-8.219790210851
ZnS,-9.529051482793,20.906539989450,8.990000030147
ZnS,-6.198632197492,24.000000000000,-8.632822879171
ZnS,24.000000000000,7.668780613436,7.024272542402
ZnS,-18.675179223383,17.951880033824,8.711578656360
ZnS,-11.567267468149,18.780156348135,-5.836657838524
ZnS,16.401739471469,-13.651307601616,-3.633537517748
ZnS,15.395544995201,19.497077882483,-13.561767343165
ZnS,-2.219389161293,-16.980535341381,6.408592362670
ZnS,-5.394214572865,-22.169720560737,-12.408424120871
ZnS,7.622474095382,14.315083200400,-3.520751298064
ZnS,-23.849002492395,4.966325500012,6.687778080996
ZnS,-1.317363422835,-10.862404733729,-2.077008068315
ZnS,-20.021744837773,-2.696984704397,12.411379835400
ZnS,-15.128483539295,-9.899884482844,5.139332310380
ZnS,-20.495386366401,18.279318861599,9.523999778350
ZnS,-10.723679231475,5.416446763121,8.186963400778
ZnS,20.643071011721,0.780229523129,4.399099029911
ZnS,8.175680454045,5.890402341717,-14.000000000000
ZnS,24.000000000000,8.419015635849,-3.289177129770
ZnS,2.503815951923,11.254506789304,7.322274469411
ZnS,-20.113067751282,-18.840975432120,-10.417255349139
ZnS,-9.898688420596,-23.971777380725,-2.475696268387
ZnS,-2.443079716982,4.973876549964,13.800861710516
ZnS,-16.187253897215,-20.383141926336,0.268403792506
ZnS,0.106112259638,-5.251147836407,10.004103801919
ZnS,8.696476860642,-6.279033204327,8.757978797441
ZnS,-10.706357291421,-10.491047182034,2.666578909288
ZnS,-20.748870908927,-19.235028345856,-12.322582472414
ZnS,0.762382677384,-6.097257242209,13.761047167805
ZnS,12.478467977412,0.193735379413,-14.000000000000
ZnS,-8.148790191499,-7.026387734564,-2.024148009012
ZnS,9.921449879630,-11.301186772653,-11.014505774366
ZnS,15.050134511388,-5.703993599406,-1.558933364033
ZnS,-12.260556250508,-19.753575583120,-13.833567397219
ZnS,-19.960586968532,12.362580474746,-11.052094827636
ZnS,-19.252910486248,-0.655474040623,2.531423574433
ZnS,21.932108853460,-4.281824806475,13.991821721711
ZnS,13.796693441001,-12.344070421526,-4.178013364715
ZnS,13.337126271484,-6.090681663233,3.578093948974
ZnS,17.893231159938,15.490316242926,4.346357760836
ZnS,-20.474387161612,18.985810971797,-3.690114524280
ZnS,-16.162765157673,-2.121358499981,-3.429979294023
ZnS,-12.910662525245,18.544804711628,-9.631294841670
ZnS,9.989845676245,-20.202191779572,14.000000000000
ZnS,4.742601880836,-16.895153364759,1.330257680094
ZnS,-4.957515318747,-10.176858402879,-7.771399525608
ZnS,-13.200595499824,24.000000000000,9.724351633336
ZnS,-1.725172152801,-24.000000000000,-11.948353715876
ZnS,-1.143027419948,-3.413377148904,2.020323289275
ZnS,6.745364029811,17.599977839782,5.750211123825
ZnS,-7.117833058727,-0.587020890406,5.818728508990
ZnS,-9.681376318219,-0.147172953650,-14.000000000000
ZnS,-21.999799187622,-18.205342550563,14.000000000000
ZnS,0.321110403785,16.048670392360,12.352820090379
ZnS,13.555252477963,-3.277291431885,-8.251609813868
ZnS,24.000000000000,-1.232192422750,4.099717330331
ZnS,7.165213284598,-11.767535455014,-4.669386697537
ZnS,18.223889777236,19.654181512633,4.161828849766
ZnS,9.097714917279,-9.387420074457,-4.779368102736
ZnS,18.551247253073,-3.122238109452,14.000000000000
ZnS,8.924566861504,10.525522453054,10.353429987657
ZnS,-14.227817254341,-11.704177954347,5.256486184432
ZnS,-13.067691951873,-3.229283110206,1.466649768877
ZnS,-17.005241798287,17.297770448408,-13.681032905703
ZnS,-15.859018892549,4.029060156298,0.972244052882
ZnS,9.973348011011,10.339837445522,1.596999325434
ZnS,-16.456715572537,1.887153716840,-0.398693631977
ZnS,1.915987133684,7.849120245353,-11.746886344513
ZnS,17.586403512873,5.278817110811,14.000000000000
ZnS,-12.493308121204,19.983850346108,4.188808809828
ZnS,3.850664436712,-5.319630663278,-3.680910023040
ZnS,-22.071234285048,-0.407912631743,13.960656977215
ZnS,5.464838215395,-18.667459082284,-5.157639180610
ZnS,-16.079091105685,-5.511493562413,2.727198889161
ZnS,7.400627839309,18.903544397964,-7.184541178034
ZnS,7.252351596725,15.997389785675,-2.230284899408
ZnS,-1.304233472571,-19.348416437886,-6.984340439265
ZnS,-13.265488444789,-5.972963462303,10.747310046460
ZnS,-0.388138324985,22.191442709455,3.018077849929
ZnS,-15.311647856680,-2.614121433663,4.760350025454
ZnS,24.000000000000,23.671749102996,0.563058870381
ZnS,24.000000000000,24.000000000000,-10.648256640300
ZnS,9.277734125532,-2.096167304607,4.010373882023
ZnS,-6.951015656655,-16.999956819256,-3.903904044403
ZnS,9.326894541921,1.755089624080,7.563227597964
ZnS,-10.503146442211,-20.481275397994,5.304180090219
ZnS,24.000000000000,8.857828665484,-1.317416127602
ZnS,-19.270998146492,14.135847227255,-0.183569728057
ZnS,21.571368603210,-23.714865258895,2.916086514502
ZnS,-20.405071977833,23.646091609866,8.432691292481
ZnS,17.904144840876,-13.681749924346,14.000000000000
ZnS,5.547067737064,17.053456244396,4.044045894678
ZnS,20.708612366474,22.489303968137,2.709478135440
ZnS,10.434797247041,24.000000000000,7.810215852744
ZnS,19.053623433461,-3.646445703320,-9.200854489112
ZnS,-17.549003737270,17.451615707831,10.417368420869
ZnS,-13.459221009210,-3.988244129820,-10.390239665703
ZnS,-1.418075956311,22.190448200536,-9.374296420122
ZnS,6.765169432775,-5.659546149665,-11.125958352674
ZnS,-22.032700228682,16.098106967912,-4.964909553973
ZnS,24.000000000000,6.327679924435,3.282632003930
ZnS,15.644231887199,-17.713833074951,-9.343488740919
ZnS,-13.778735505100,20.079815412223,-0.088861592151
ZnS,8.119812441525,-10.058449313589,8.688941948717
ZnS,3.988308291888,-15.678926349455,14.000000000000
ZnS,-2.827556794982,23.984554149171,13.362220419355
ZnS,-24.000000000000,10.023186982295,-14.000000000000
ZnS,16.589870819527,-22.736741516341,10.501567081236
ZnS,-7.590052134916,20.449521191579,9.324377734619
ZnS,-18.581185319202,-18.397379454776,5.777618642948
ZnS,-15.130301646698,-24.000000000000,11.575270850018
ZnS,11.295072194033,-22.517531833418,10.623884843479
ZnS,-20.542557350420,-5.858140266568,-14.000000000000
ZnS,14.606627048362,-9.614930722638,3.548910742940
ZnS,-20.427865740324,-7.137896566000,-2.020680634962
ZnS,-23.826563763801,23.808606089114,6.871453630480
ZnS,-7.982138122201,-8.650947848663,-10.382022437364
ZnS,22.631731292031,7.785789722012,2.996003185137
ZnS,6.575209127766,23.952143103310,-13.907037322648
ZnS,3.645039011929,19.826127003988,-6.764802018039
ZnS,13.849551150690,7.266369802990,10.334909386911
ZnS,2.164669636732,11.293951460260,-2.034180803253
ZnS,0.459156943942,24.000000000000,-8.127989088595
ZnS,-4.050945883082,10.824201564783,-5.335546909837
ZnS,-24.000000000000,-13.265004900434,-14.000000000000
ZnS,17.522610408770,8.757300421330,13.990012958291
ZnS,11.493555911419,10.414299420267,-3.495453968468
ZnS,19.030310172106,-6.916295027222,-0.667163200044
ZnS,7.230933730543,23.921399048118,1.653670729925
ZnS,22.115741152259,22.206787461500,-2.050505587031
ZnS,-13.407433734987,21.999159570473,-10.199950427091
ZnS,16.579518175211,10.543602561611,14.000000000000
ZnS,-12.853671887563,23.882854029514,-6.484478004363
ZnS,11.580871635866,17.392987700488,-13.482460671518
ZnS,-21.552997720766,-24.000000000000,13.959088207294
ZnS,20.996851226929,-6.501606894996,-9.407994807711
ZnS,-16.872026019789,14.089018555173,-4.837976223451
ZnS,-11.311288517862,-6.845966700154,0.022618734282
ZnS,-3.222907524302,2.889874742008,-5.464354505849
ZnS,-9.021625871953,-24.000000000000,-9.274397600923
ZnS,13.626415736930,15.645897789726,-4.718149547108
ZnS,-5.139208451043,-13.087660370347,14.000000000000
ZnS,-7.523323568623,-22.066799180896,14.000000000000
ZnS,16.903130630908,4.252046211733,-1.484994021355
ZnS,-23.587499122608,-6.256706771695,-9.759927775700
ZnS,15.535172367273,19.892954411498,-7.533081642364
ZnS,14.219176125580,20.268879034602,-9.124376758866
ZnS,3.618866149497,-14.983056973886,-14.000000000000
ZnS,24.000000000000,-10.705137519473,4.927117857620
ZnS,-20.757371941372,-13.500371763143,-12.205529334994
ZnS,-4.359729749681,-19.360785070009,-10.062027230582
ZnS,11.544008543607,-7.438134446419,7.813048726915
ZnS,17.433928298561,13.201908379937,-4.200184783616
ZnS,-24.000000000000,5.215240844844,-5.804544222063
ZnS,-23.858869809537,17.858534151679,2.156214187492
ZnS,0.257260706462,20.459622289011,6.077403617976
ZnS,18.398687891850,-9.214226632696,11.640506693571
ZnS,15.173020505981,-16.151319587225,3.596023127126
ZnS,-17.166908095680,7.049787881386,3.474772924704
ZnS,-0.421895442134,23.891579657317,-9.942483957610
ZnS,-21.143436209063,-14.146257575878,14.000000000000
ZnS,0.008172690934,-20.143527143550,0.092072232134
ZnS,-6.202015126475,12.755567256240,2.846397840342
ZnS,-17.416451201002,-10.027659918303,-0.928643660982
ZnS,-19.578404158265,-17.494518990307,0.636276471721
ZnS,5.079467803669,-4.647900021085,3.613288868079
ZnS,13.444464530033,-8.387957616678,-3.947906253083
ZnS,-5.283016864265,-2.305812573589,14.000000000000
ZnS,-15.195751967148,23.958479675186,14.000000000000
ZnS,16.315135434575,11.303252073632,7.318098177528
ZnS,0.741159004708,9.967110692220,12.069656609418
ZnS,-22.082171204840,-4.561027319316,-13.834209978964
ZnS,-20.243662885468,-1.267777115364,-11.683756633417
ZnS,22.101354215637,18.607618816725,-7.410853119698
ZnS,-4.546599492305,24.000000000000,5.314913200420
ZnS,24.000000000000,16.092716408816,13.180028935292
ZnS,-1.077455580831,-1.722966747105,-6.927750918070
ZnS,-2.547465580042,2.504676839424,14.000000000000
ZnS,-9.168286144036,23.818232724034,-3.285663804594
ZnS,-0.822951971310,16.391328699150,-14.000000000000
ZnS,11.988105697884,-4.608385279452,2.876143951080
ZnS,-19.558876129117,-0.532348195483,-9.931441605407
ZnS,22.273839618583,-0.243615954734,5.009617320076
ZnS,18.750643201541,-15.182233925609,9.931635751530
ZnS,22.239908832183,-13.367523783425,-13.290094114120
ZnS,-21.669448898545,23.981408078197,-1.123972491281
ZnS,3.021397884169,8.411488831970,-9.245053138592
ZnS,10.139253249130,-3.941637341815,2.342575515381
ZnS,-18.398351270238,22.084719109966,-12.587634421441
ZnS,-20.499144616571,20.573458134090,5.157805156466
ZnS,14.821467638347,-20.115737978163,-13.985097527941
ZnS,3.358465616913,-23.517476854327,-10.373590009720
ZnS,16.389546489140,-15.433792786271,-5.525819892512
ZnS,-7.239210968898,24.000000000000,-13.836045299155
ZnS,-6.173039899137,20.165590633569,-4.011448731675
ZnS,-1.792837932276,20.839146532592,-12.037796376523
ZnS,-16.550907972846,6.044682101863,-2.885619096287
ZnS,-16.092897187851,-2.963939905215,13.767405673985
ZnS,-1.239169713038,-8.724472363769,-10.995907642846
ZnS,-10.886225801750,-11.539447495697,-6.166931894022
ZnS,4.772600732918,3.424500936489,0.111987827979
ZnS,6.497191232424,20.764187086564,-12.253023697214
ZnS,12.659614474911,17.110302433593,3.192052963405
ZnS,-9.373172694090,-2.490623524619,13.979808623259
ZnS,-9.034927240513,-14.208944807551,0.888353759227
ZnS,-0.686065045660,5.187261015607,2.423093637148
ZnS,-14.267972787202,-17.906164901818,-1.868279852774
ZnS,-11.228255639365,17.084303619136,12.423908117615
ZnS,-5.471663678255,-22.670276800491,2.946417932086
ZnS,-10.106351457562,13.997068078980,-14.000000000000
ZnS,16.933530120541,12.839208664936,8.475174190644
ZnS,-7.392195156874,-18.967163077021,-3.777975620157
ZnS,14.576980465764,11.237674092407,-11.144136032020
ZnS,-5.580285365476,-12.353926916913,8.827347547183
ZnS,-12.739130738656,12.423827940446,0.529049904650
ZnS,4.209412507632,-17.079273242242,-11.840994263760
ZnS,18.619342586805,13.584950119703,-2.610068036311
ZnS,13.512319132670,20.828136514071,12.304049209930
ZnS,-9.607704366215,22.031835800785,0.243950162875
ZnS,-17.024786798527,18.645409470637,0.299305855251
ZnS,-8.762918091130,2.717356671089,-3.046082579632
ZnS,24.000000000000,-23.847207625253,2.174496808499
ZnS,-3.979036684812,24.000000000000,0.164986779830
ZnS,11.832073520565,-16.882776560227,1.778127860409
ZnS,-5.394857197851,9.335037664545,-0.818970366982
ZnS,23.691915507120,0.214439248316,12.020973014124
ZnS,-15.857276944639,20.243496671126,8.157481458804
ZnS,0.598622235532,2.465355639880,-13.972408512491
ZnS,14.182789910376,-3.961316070794,11.813762333043
ZnS,-8.943535485612,20.658417797482,-6.149287033648
ZnS,-3.368041237278,-23.775734452736,-4.116920060497
ZnS,-9.260617742731,22.533131742661,12.092626577563
ZnS,-12.152267370766,8.806292213255,1.936738114346
ZnS,13.615927927449,-17.715214850039,2.957446278678
ZnS,3.332706924234,1.826539548508,7.080827762488
ZnS,4.402812946570,-24.000000000000,-6.521137225409
ZnS,-8.704731723072,-10.874228801073,2.491140585887
ZnS,20.180951789848,-8.179145811641,0.534507062490
ZnS,23.957526919342,-15.725881810555,13.909660105338
ZnS,24.000000000000,0.413575336852,-10.079018778076
ZnS,23.900039019588,-22.008757047240,-13.672601445849
ZnS,20.578462431401,23.883645952864,-0.449851011630
ZnS,-13.504666426883,2.915932528212,-7.203665395992
ZnS,-1.278927206628,-4.875972510487,12.912058300405
ZnS,19.844748996995,-9.796242861239,7.967189305554
ZnS,20.275260635232,15.883533904274,-5.574420453777
ZnS,-6.003807134790,9.089668585260,14.000000000000
ZnS,-0.542376959467,-17.002316438161,-13.909320344433
ZnS,-22.912068522096,-1.727825049879,-3.718391308741
ZnS,-19.011519823481,-2.879521313283,10.671688609031
ZnS,9.439044662654,-2.224162582925,-2.557102344254
ZnS,-2.259667083715,-10.952877640870,10.230510292815
ZnS,-20.013440368721,-20.710042359101,1.105858815246
ZnS,2.321803377236,14.778083345225,-13.983953844647
ZnS,18.063636630237,16.743206654695,-13.869210998931
ZnS,22.492293755734,-14.704201973660,4.758504551663
ZnS,-7.486320108170,-3.852387662271,2.273800293332
ZnS,-8.168458657230,-19.541796408470,-10.532455480622
ZnS,19.105552148762,24.000000000000,-6.022918231939
ZnS,-2.243997569153,22.142590734996,3.814188493156
ZnS,-16.928285872888,-22.237429017199,-0.036375616023
ZnS,1.282879361731,17.302668276890,1.234108689299
ZnS,-13.265984878734,-22.259845001306,7.042244149380
ZnS,16.188519707223,7.703878503127,-7.703366936872
ZnS,19.216118907284,16.381005631281,-12.250262277345
ZnS,24.000000000000,-6.326738032901,-3.904495355704
ZnS,1.034072715945,-16.196761949134,-0.594891872420
ZnS,21.245642841462,20.435564110358,-7.493143511377
ZnS,18.986271492673,-1.306870902732,-4.210132110045
ZnS,-22.368698303348,-4.713416804821,7.253027455011
ZnS,-0.099121557037,-15.291020800273,0.896645290396
ZnS,-22.019713734714,17.043963189755,3.588444769948
ZnS,-12.285459845053,-0.432158129191,8.059910232328
ZnS,21.574827051251,-19.484379460200,-7.643712953526
ZnS,-19.024733281224,18.261023535868,-0.721786926994
ZnS,3.022661010393,-5.536496359088,6.587350278688
ZnS,-12.717866967930,5.204424006614,2.090248187668
ZnS,-21.938899973963,20.413895364608,3.749954400581
ZnS,-13.005409221827,-9.962789305478,4.826340144146
ZnS,19.886414131006,-13.151628644312,-13.809963663458
ZnS,12.226004219853,-17.138526240073,-5.438292520313
ZnS,-11.932054163890,-3.600254276525,-13.795339710042
ZnS,24.000000000000,-21.980000407926,13.999377136164
ZnS,-20.087508651155,14.450388642113,3.718442441993
ZnS,-6.628542707140,6.115755352569,-2.966508909303
ZnS,18.242223537699,23.636485068076,-4.233249132120
ZnS,-3.985466794427,-20.518291529222,-4.273173981023
ZnS,20.594555377440,-16.970742270263,-14.000000000000
ZnS,6.252765149601,-9.429378910974,10.325944634035
ZnS,1.386830002486,-4.131849860879,6.913321549065
ZnS,5.043729154957,-15.333103125121,0.085379744507
ZnS,24.000000000000,21.969124628616,14.000000000000
ZnS,16.281703781616,-12.635631185339,5.772780503290
ZnS,-9.918184460239,5.046778657396,13.983983844263
ZnS,20.710561443013,-21.691353083042,13.987523077475
ZnS,-10.060170109790,-20.964277554031,-4.993261406912
ZnS,13.966255400559,14.685366748016,-6.704430196699
ZnS,-12.271914972233,13.169716409252,13.889956771888
ZnS,8.495414960547,-3.242409855839,-4.024458051614
ZnS,-4.752635220218,23.777944381839,13.938228631738
ZnS,-16.836104114092,-18.629066056206,-0.917763964177
ZnS,8.331391011296,22.015094006311,8.371885738204
ZnS,0.277480905242,16.081426541397,-0.022130695837
ZnS,11.585076009287,-23.979742824327,9.260713256193
ZnS,-13.584788029134,-8.671664792681,-8.564528982654
ZnS,20.509080485094,-24.000000000000,-9.852732041242
ZnS,-15.087674269076,-9.947680069161,-14.000000000000
ZnS,15.451430737550,-5.943870129902,-10.454944471530
ZnS,14.671984379563,20.631888061825,-2.787505986013
ZnS,20.051740504376,-23.845819849785,13.962400224176
ZnS,14.371626698242,-12.093478856721,14.000000000000
ZnS,-0.080888410780,-5.595315574388,-6.030560079665
ZnS,17.622280102643,7.027723743753,-4.125946536769
ZnS,12.151161689997,10.496840036976,-1.402824075124
ZnS,-11.908435145907,-20.530626779672,13.407582310488
ZnS,13.471750801850,14.435074598244,-0.876141055474
ZnS,22.432717065494,-8.018515161125,5.717529187065
ZnS,0.181431269110,10.612265645859,-9.001779078823
ZnS,-5.164095323357,-1.382145123547,-9.994560510851
ZnS,-14.784584815340,-4.785184899344,1.357115270509
ZnS,20.532487680890,17.883490081843,-5.454389849010
ZnS,4.899973629911,5.907934726155,-12.334608326290
ZnS,18.886848473530,4.048691229866,3.825133549083
ZnS,-19.995544102118,-2.504114973673,-9.974523324885
ZnS,12.842302296403,-5.554338295912,14.000000000000
ZnS,-9.198754187237,-18.992375330876,-12.232305934920
ZnS,1.984690373733,-15.935658663943,14.000000000000
ZnS,-0.090616870751,15.622720988792,-6.973729443508
ZnS,-5.680119313406,-18.508514136499,-1.423199062521
ZnS,-0.726081042808,1.497160795726,13.868665602313
ZnS,-13.730708277377,19.542932517510,-13.894725491662
ZnS,-16.557254367884,19.030070620759,9.612836725920
ZnS,21.146452129942,0.810514069706,14.000000000000
ZnS,11.236730829011,9.250320767098,3.025401464830
ZnS,-23.990818168531,10.697911552273,-7.717184741230
ZnS,-23.873148673784,9.855876201049,14.000000000000
ZnS,-12.216919977782,-11.891244802363,5.215345601404
ZnS,20.491934014529,8.833289598124,-13.877742570260
ZnS,-4.021922306914,-21.877356629037,4.108281384320
ZnS,20.199141403875,-8.364109225283,-1.476924629542
ZnS,17.520102281876,-0.154001075090,-8.824942784264
ZnS,-11.520018275504,23.669267613300,-12.081481935296
ZnS,-19.493123905290,1.750858412919,-5.878790922751
ZnS,11.400623071182,-0.757932171391,-12.581205921637
ZnS,-13.251638622948,10.176955536534,2.974480341123
ZnS,11.397112239272,7.421750405927,9.960118199378
ZnS,-2.994698789259,-17.943285232596,3.076435617996
ZnS,20.498669119088,-14.071017388373,-1.517766549075
ZnS,-13.076063515413,-9.219782099656,11.842620412504
ZnS,-11.226340586874,7.137953654851,-14.000000000000
ZnS,13.631138637107,7.885428197160,13.177532060774
ZnS,-1.084157539503,17.453893548821,-7.146756284638
ZnS,-6.090893201964,-15.581661739554,-14.000000000000
ZnS,-9.460130614333,-9.093716525010,1.908433775148
ZnS,23.629535327376,-2.408485808087,-2.642059473437
ZnS,-0.397691616886,-12.228964760965,-7.139928786378
ZnS,9.830526527544,17.031686053900,-5.094016170533
ZnS,-13.779638666742,-23.894730236374,-4.980301592443
ZnS,-10.831438105908,21.978802740720,-13.938480626531
ZnS,-24.000000000000,22.385444315360,10.790101223704
ZnS,-19.134674904539,-9.685538907746,0.694534020360
ZnS,21.394494394818,-11.675866760805,-14.000000000000
ZnS,14.736761480263,23.764221285577,13.951738226577
ZnS,0.185944937440,-12.893750544923,4.437143730864
ZnS,23.995086216079,-0.543342046130,8.727110943748
ZnS,-15.969871476227,3.625482766114,-4.912765537603
ZnS,-22.572235825489,22.598272829424,0.097712848512
ZnS,-15.812598197869,-20.278557580521,-4.492474589358
ZnS,-20.690415003100,-21.834772790736,-7.390208070711
ZnS,-23.868842050645,-23.951442190628,7.940129636345
ZnS,11.056823594456,2.605409839273,6.959323671135
ZnS,-0.140601870451,7.245361919361,-9.603024896766
ZnS,-15.671796866758,-15.796166902539,8.099352665860
ZnS,-18.914069817566,18.096567019152,-14.000000000000
ZnS,1.405530004170,-17.345680170735,11.895512732650
ZnS,-1.728720160179,20.314616817823,14.000000000000
ZnS,-22.082076301860,23.932621014915,9.529928674450
ZnS,0.011585864806,-0.092660630942,-14.000000000000
ZnS,1.017285269078,-16.720656964372,6.524731899414
ZnS,8.865115916534,1.414140299710,9.499955165132
ZnS,-3.748360993566,1.144318413237,-4.055160127537
ZnS,-8.005627729663,-8.643207731156,4.323275262661
ZnS,-23.973697430989,20.907950518957,-3.479109507867
ZnS,14.884070013236,24.000000000000,-11.670982491027
ZnS,19.099731418265,-11.274749296325,9.138099803687
ZnS,-17.182383700794,-9.064460710018,13.977764740044
ZnS,-0.595662043640,-24.000000000000,-1.657361515057
ZnS,3.464427365743,-7.567606980297,5.142056375255
ZnS,-3.745461007617,-17.557967652863,-8.929965632912
ZnS,-9.371291625460,2.032789081810,2.171174934468
ZnS,4.281776566194,19.106029274305,3.022559630275
ZnS,-15.040857717373,6.058725616344,-1.469240813622
ZnS,-1.710851181354,16.110889526712,12.003314582189
ZnS,8.187658798612,13.185469867041,11.679694093269
ZnS,14.789279022477,21.733835668089,-13.989491673780
ZnS,-23.867804439325,7.222318499297,6.026329498494
ZnS,-24.000000000000,-15.673552010841,-5.918926162198
ZnS,4.396634940012,-8.942665959645,10.957042339517
ZnS,-20.033489846025,2.518640134051,0.796626930784
ZnS,-22.311205748416,7.783726561080,3.584814225407
ZnS,4.697429752089,-2.831359860388,4.409924019397
ZnS,19.991498586010,-18.695427643885,-13.026263681641
ZnS,17.496695091911,15.160241919076,-3.708871096490
ZnS,-12.545137200421,23.964595552119,-13.997649745490
ZnS,-23.985761172811,-9.128258325097,7.532049827046
ZnS,-2.064970209195,-20.217218800694,-4.983946439629
ZnS,-15.312478858335,10.622611111642,-9.001543944879
ZnS,-17.830614548548,18.222723537247,14.000000000000
ZnS,3.633698776258,-4.254737620370,8.024055292399
ZnS,-7.961875889230,12.406374730221,14.000000000000
ZnS,16.417273105007,-13.630075594902,1.725417770551
ZnS,-4.892468075416,-17.450456427620,-10.589247118758
ZnS,15.106918393414,-19.020145311315,3.559725813800
ZnS,3.295039402063,-24.000000000000,-8.401416515867
ZnS,-10.021533542961,-17.563094710822,2.735244790851
ZnS,11.151200790417,-18.813217486916,12.545745080499
ZnS,24.000000000000,5.938303013255,1.300515605581
ZnS,-16.921681088068,-12.963461737837,-4.534267463068
ZnS,1.755214376671,-17.599690700658,-14.000000000000
ZnS,-14.110202975357,4.226555391579,3.715841185152
ZnS,4.893607663486,-3.623636974176,-12.066481285116
ZnS,-1.864873932097,-18.863961797098,5.586086198293
ZnS,-6.834765367669,-2.161958477901,-1.204178814338
ZnS,9.677722546253,1.141441536381,-12.067034580555
ZnS,-23.887140346787,-19.861347100163,-9.785780477879
ZnS,-15.345184714218,24.000000000000,-0.519356755016
ZnS,9.653214865038,-19.334821508082,-2.778991321724
ZnS,14.875492499165,12.558699628198,-2.067599897980
ZnS,-16.497508232801,22.157308596704,-11.370475082155
ZnS,17.924570473439,-1.372869443829,6.830986675746
ZnS,23.935915800850,12.193983048841,13.861393112080
ZnS,-0.021959742999,-21.993929874943,10.601590149288
ZnS,-8.455958958434,-12.989263807303,10.350241368468
ZnS,2.490982424574,-10.695789296159,-9.207527634355
ZnS,-3.901477658397,-1.805009571681,10.690715275301
ZnS,-19.497872547482,-18.581946123791,-7.408216590585
ZnS,17.821556401226,-22.109638085159,-7.846234867676
ZnS,-19.250586144999,19.690253531303,-2.155899437019
ZnS,24.000000000000,-16.148260337189,-1.812168532872
ZnS,-7.404038695408,-10.554008523560,4.063793782069
ZnS,13.761330458632,-15.576529765689,0.842883823950
ZnS,-23.900998711622,13.402789506943,-4.777075227264
ZnS,-22.246362876270,-22.169526655001,-5.978743836850
ZnS,22.069407775277,-1.483962683460,13.970496542490
ZnS,-15.447747657484,-2.226091457648,-8.483080983418
ZnS,-2.060835631599,-1.337110530296,-8.652054851565
ZnS,-17.807551913410,-24.000000000000,-0.501956768030
ZnS,1.254067155215,12.548670178527,-0.739235324555
ZnS,-18.091370927058,-8.579950652324,-13.989057936735
ZnS,-5.264248627211,-14.473517587229,-3.710286189537
ZnS,-0.634584572464,16.628276248804,-8.934671240268
ZnS,11.217021049760,-8.837989598637,-11.787033691410
ZnS,-23.932144998936,21.981781050158,-13.949135830763
ZnS,-18.176563129987,-9.363604149636,6.132940411148
ZnS,-23.987953581404,-9.570234189264,2.675179191496
ZnS,-10.180598082613,10.228023924994,13.955566035689
ZnS,9.098626935722,3.995657251887,14.000000000000
ZnS,2.850628735092,9.692895578048,6.070882406165
ZnS,6.002722006396,-10.841868591803,-12.313581938418
ZnS,-2.283885178097,-4.048614962670,-14.000000000000
ZnS,-11.928287878940,18.932483459199,-7.818288411723
ZnS,7.592075426347,-24.000000000000,7.144490848598
ZnS,-4.898348389941,-24.000000000000,12.202974827647
ZnS,-7.171824989748,17.034385137207,7.198238800638
ZnS,20.318337642031,-10.190470277339,6.043469381872
ZnS,19.056700015593,22.396735697649,11.583690620527
ZnS,-1.357169786851,24.000000000000,2.800057378298
ZnS,-22.293913759484,-19.517707667674,-11.052412381163
ZnS,20.951206746714,-15.237025293056,-5.827725284441
ZnS,-2.775969262926,-2.694721647976,2.967651371135
ZnS,17.106877864242,18.517440311483,-14.000000000000
ZnS,9.427043918930,-16.779483935314,12.026584562923
ZnS,-16.562518527637,-24.000000000000,-2.092645478870
ZnS,7.847145761735,1.542206888833,-8.567620460348
ZnS,-8.616536695499,16.624607076781,-12.122147175497
ZnS,-18.537243201990,-7.731256312521,-2.689362236571
ZnS,-8.846869557420,-17.990941805493,-14.000000000000
ZnS,-10.655319454452,12.030073599234,-2.913482433570
ZnS,8.421104077657,-6.962030101835,-5.342569551389
ZnS,21.633086177901,-8.191870214382,1.938623348090
ZnS,22.047717175730,22.572108149040,-4.291206534679
ZnS,20.604219348731,12.550620115457,8.106498661743
ZnS,9.321648778287,-9.382299536955,-10.818275479189
ZnS,16.716807515586,23.997263007576,9.017459365333
ZnS,-10.687764724909,18.069117721024,1.819216933470
ZnS,-0.142533995662,15.943030016888,9.868732734913
ZnS,-14.474751730958,-24.000000000000,3.968694628793
ZnS,14.340329362266,10.693859212322,7.383662843933
ZnS,-15.053385230891,14.119992817525,11.453635823328
ZnS,-10.294741199385,18.484578615562,-1.489958003390
ZnS,-8.864633067545,6.628158987057,13.279043348214
ZnS,-3.023000884654,-15.015410881150,-2.675408946880
ZnS,-2.011054057018,13.156383573720,14.000000000000
ZnS,-6.309894672769,-15.637641163896,-7.241985555311
ZnS,-1.964600694167,21.435709964256,12.336303522011
ZnS,14.551386182130,-13.834606945709,-2.844238747334
ZnS,-3.992151234993,-24.000000000000,6.239817914145
ZnS,-6.174486603003,-1.944116340088,10.245699194034
ZnS,-23.302446707154,8.855629526477,4.980831698212
ZnS,-21.394192235973,19.304519901252,-5.730231568909
ZnS,8.159276039035,18.717449695933,8.225292006202
ZnS,17.640818885789,24.000000000000,1.181495954656
ZnS,16.629228209177,21.497279783406,5.169752291409
ZnS,-2.060452941643,-8.945925402870,10.572056801860
ZnS,-4.445727001842,-20.509077022394,-11.758014767081
ZnS,3.582243052990,4.563842200979,-3.359453239858
ZnS,-9.769031408962,-7.882737139708,5.499064075479
ZnS,16.593543877494,-16.894792464037,14.000000000000
ZnS,6.021626323607,-10.909768637388,1.678258829431
ZnS,13.185279895514,3.136040404636,-8.159925900837
ZnS,-15.119260173418,-16.887724841930,2.415393196145
ZnS,4.171105432382,5.967722275590,-4.688073146431
ZnS,-0.020959947860,18.421779912008,0.172040166163
ZnS,-15.647245850648,-23.683611268548,-5.720484847291
ZnS,1.210420824253,-8.095116452580,-2.716626821883
ZnS,11.375933837978,14.205153966612,-8.411603434662
ZnS,-3.325039657800,-10.832378577381,1.508717170356
ZnS,-6.152827782331,7.421582927522,-13.906513283085
ZnS,19.700085721682,20.482133826241,11.611149976144
ZnS,-8.544623264689,-23.957566534085,11.752555730449
ZnS,0.525298654566,21.806260621440,9.331175345365
ZnS,3.883726008980,16.500609990609,3.040028508126
ZnS,20.254362938159,-6.181877784370,14.000000000000
ZnS,-8.193179227218,1.218590299362,-11.283896537005
ZnS,-15.251849070460,-15.957371757222,-12.006257454540
ZnS,7.158879242079,-7.430676544727,13.591266514735
ZnS,17.134677784587,22.155424545956,-7.502663808401
ZnS,-20.042248355799,12.426314585362,-13.859376727809
ZnS,-5.639509060347,-4.483829643463,-13.990314870620
ZnS,18.929501030941,-7.694645894802,13.808497502850
ZnS,20.300164050783,-23.519400872068,-0.303498952455
ZnS,9.352686854290,-12.067164984086,11.604509895263
ZnS,16.147572876318,5.192932053732,1.280145010250
ZnS,-15.986447478089,-24.000000000000,0.372101059152
ZnS,-8.902849376761,-17.021415715581,13.956475967106
ZnS,-6.518326303811,-24.000000000000,-14.000000000000
ZnS,23.951263074964,7.720819561916,0.351485839624
ZnS,-3.591442201561,-3.442743492565,-2.991609129198
ZnS,6.592339654972,-12.523977786634,4.852326054190
ZnS,24.000000000000,-18.720290482330,-12.677409174931
ZnS,20.590357910586,-4.551862060178,-8.211744624206
ZnS,9.363268605984,15.402162028352,-2.270137298948
ZnS,7.005244788121,-11.178587853608,11.000066265328
ZnS,17.252460878878,15.807418863972,9.699808349159
ZnS,-0.788494702765,22.419459276601,-11.279966984700
ZnS,19.726288433263,-22.713535468446,12.275337026537
ZnS,-17.665553864345,0.670626475248,11.965183689822
ZnS,-6.368315780197,-6.778432776261,1.603639158194
ZnS,24.000000000000,16.351323592133,-5.472660122966
ZnS,7.901143320434,15.168109082338,11.939404314860
ZnS,7.103457463677,-9.580088288200,12.231143679005
ZnS,-15.228681325601,-22.087582950895,-3.809210418955
ZnS,15.892872191105,-10.991303434351,-7.631720022152
ZnS,-9.441823468084,-7.635231125330,3.316724728166
ZnS,-6.754704674429,3.910841921684,-13.994343439801
ZnS,-13.610125459518,11.274423911645,-0.885382940924
ZnS,-23.980229944852,-21.907454459684,-2.333181560703
ZnS,-13.787997559620,-3.546250199934,-12.453683608063
ZnS,-24.000000000000,0.802487383545,7.690034263601
ZnS,-11.427220272101,12.181046630732,-0.987736426174
ZnS,22.250978293403,-15.649436043237,-7.329901566522
ZnS,2.660595500104,-23.967674464291,10.838602185682
ZnS,-10.840172807982,-14.435059203067,-3.499784129840
ZnS,-6.370897852468,22.001195350126,-2.096805625178
ZnS,3.770074580497,9.361746448609,0.992221661949
ZnS,13.755098736138,17.558466194796,4.829138780624
ZnS,19.655921449537,16.413255839171,3.997783164662
ZnS,16.890016553691,19.780487228978,13.969577926051
ZnS,8.321433944449,-9.975766458032,-14.000000000000
ZnS,-20.537851731098,15.232169958617,10.909783851400
ZnS,-6.579338522166,-16.210782602427,-10.366031476667
ZnS,2.491367525485,22.273502083486,-8.939679107193
ZnS,11.854084845344,1.304956654632,-5.060040408686
ZnS,-19.531910489196,-23.990876134861,13.947372214540
ZnS,20.892566678157,7.581409104747,-9.539103125179
ZnS,-12.064631865356,-22.343752728624,12.352825454358
ZnS,-23.743476137655,-14.585055580710,4.811669231450
ZnS,8.174578131367,11.396366106109,-5.858854034426
ZnS,-11.729558989360,-7.081359387438,-5.243875948541
ZnS,-23.849605771059,-1.326363822953,-10.360806573448
ZnS,-1.453576780218,-22.317940716342,-2.659180826592
ZnS,-20.060215967191,16.149520909111,-1.777282267332
ZnS,7.426006214196,20.448116494676,13.987697644478
ZnS,9.122168565072,24.000000000000,-2.148235376485
ZnS,-2.462424234269,20.538185125219,-8.864627099891
ZnS,15.059195251722,13.544981034456,-5.445302768793
ZnS,2.519776588014,3.520110490092,-6.552753663315
ZnS,-20.669184129248,17.759810583097,7.579699334670
ZnS,18.191353675732,8.715206738516,-3.035232756349
ZnS,23.985853964144,11.979077946428,-8.216215549815
ZnS,-5.742704894595,4.288879375291,-2.983155222859
ZnS,9.200122517547,-7.935487569387,-12.222683929986
ZnS,3.448286584494,16.083392421455,9.976313586330
ZnS,-1.606193633249,-17.835128430762,-12.406740358714
ZnS,-16.550166747993,22.364498263651,-2.502872493299
ZnS,-23.957227292960,4.764186637656,-12.124810448171
ZnS,-7.578794405583,-17.920022852978,1.419746392226
ZnS,1.827382979272,24.000000000000,-9.751299827142
ZnS,-0.431718627139,2.812111522223,-10.638928988586
ZnS,-8.344531275143,23.568754155203,6.967404102089
ZnS,15.695196851887,-11.758950518748,-3.647017907385
ZnS,-11.867970003365,-3.241726051912,6.698494066178
ZnS,-11.637283950058,-11.982858707513,-7.988933903579
ZnS,-4.100562532878,3.309716444336,-3.676246565954
ZnS,-20.278176433737,-24.000000000000,-3.886583842868
ZnS,24.000000000000,22.907449083020,-8.949217983841
ZnS,15.659737215755,-1.173967616566,12.240758205531
ZnS,11.682054594447,10.493557488230,-12.132944806776
ZnS,16.572456763630,-4.247672826373,3.874053570085
ZnS,-3.466295555912,17.523816816815,5.951583875435
ZnS,-11.048981855432,9.082991510726,9.402428570551
ZnS,17.034585585115,12.570592893848,3.858792529139
ZnS,6.993773785490,13.197472326157,13.309078227825
ZnS,17.314477069343,-20.864221206824,6.538997314248
ZnS,-18.008396708962,3.159603472473,-5.174057576509
ZnS,-14.009717574177,-24.000000000000,-0.046898117595
ZnS,-8.292320974038,-12.970415599359,14.000000000000
ZnS,-10.518039965592,-22.148786919455,3.937830793590
ZnS,-10.899455747429,23.702935922556,14.000000000000
ZnS,22.005699192832,6.510446285577,14.000000000000
ZnS,17.428093722614,3.475945168635,6.072561285102
ZnS,6.701798258701,-6.794443865511,5.735460909863
ZnS,19.149301671601,10.021575653108,14.000000000000
ZnS,-8.184015638017,-5.157241015591,-1.258661213441
ZnS,11.233067333074,-23.966956057664,12.029498259345
ZnS,17.802899761199,-12.939695611104,0.427799922914
ZnS,4.794322408862,24.000000000000,7.066464107453
ZnS,3.783600002166,19.611314491021,10.052569912167
ZnS,-3.377573004294,-2.223895331081,-14.000000000000
ZnS,11.687652671591,3.317911885660,-5.033375670888
ZnS,9.055585010164,-12.203724902642,14.000000000000
ZnS,19.120712556980,-1.872595763791,-8.236823665448
ZnS,19.309130325206,-9.796045866398,1.707149198930
ZnS,-0.555228066209,-17.024767343423,12.259988721858
ZnS,12.757755961015,-22.572161340390,-7.641922984656
ZnS,-15.927979425913,2.091751824748,1.540114534585
ZnS,2.319368248436,-3.854017504712,-12.146472383603
ZnS,24.000000000000,24.000000000000,-5.038185389619
ZnS,19.825431163055,20.290266239003,5.215799880866
ZnS,3.339785262282,-9.486188046525,-7.830284611500
ZnS,6.651651624096,12.144794812171,1.221161499454
ZnS,-21.707141912882,-14.520370892936,4.578582624745
ZnS,-20.907832184659,16.876241941785,-3.460676893773
ZnS,-14.012087396430,-13.926068813867,8.408495731343
ZnS,-23.797565768728,7.435708927543,13.970967372535
ZnS,-22.058058757731,23.612465165435,-13.601150453480
ZnS,18.213641748182,1.109251909562,10.572931250566
ZnS,16.253932489305,-24.000000000000,-13.868774308677
ZnS,5.420908080471,-0.853740547946,-9.600280801464
ZnS,6.965009346694,0.647471847910,-3.072006831087
ZnS,6.760573095483,-21.599353556675,5.570906828202
ZnS,-14.515999564224,19.908548701664,4.842622561966
ZnS,11.814468340851,-6.821054914223,-0.064126818336
ZnS,-20.366040872041,-4.388460988265,-8.444167938979
ZnS,6.437307450024,1.595604352825,10.574880465343
ZnS,-4.847065449948,-8.767892050421,-2.674465683848
ZnS,17.007624171014,8.196881689255,-10.079196758572
ZnS,-11.195167800096,-4.146096381966,10.942463196643
ZnS,10.287862573354,5.664982829594,9.972133049556
ZnS,-8.001808666986,7.457647166597,-4.762153664629
ZnS,-0.459284606052,-13.783244885633,-8.443002102192
ZnS,9.117784188633,-11.360965526484,-4.349131782935
ZnS,-8.294188538220,18.863895213002,-1.146212596525
ZnS,0.936475775232,4.656577488877,5.554614706354
ZnS,-4.986653316597,17.574421580963,-9.286180786982
ZnS,4.046294256270,8.634413015882,-13.815048221506
ZnS,-13.729647106273,-10.178693084567,1.523300100166
ZnS,-0.452796675504,-21.519918861525,14.000000000000
ZnS,-12.975627829892,-4.108618083062,-4.164722776210
ZnS,-3.283601106000,-10.127413219880,-12.019845030827
ZnS,8.843714055074,21.951764816788,13.935432918021
ZnS,-4.005133513373,2.776305477138,7.919182362356
ZnS,-8.500265860192,-12.248413056899,3.976169252663
ZnS,24.000000000000,-3.676062280322,6.074804690674
ZnS,12.990298690579,19.379617302044,5.645013732474
ZnS,5.634475209827,-19.647963706710,14.000000000000
ZnS,-0.759176100498,12.373096708646,-0.958773316001
ZnS,-18.858842997610,7.788812374003,-10.058576192445
ZnS,-12.222076609299,11.069071034110,14.000000000000
ZnS,-0.026060836123,-16.128735839620,14.000000000000
ZnS,4.593456925478,2.539541109445,-6.582123181682
ZnS,-10.428563617756,14.219697053997,4.850184119395
ZnS,-18.776585545374,-2.776131656577,14.000000000000
ZnS,-10.849048879209,-5.765790446378,13.372732783714
ZnS,21.803205433142,19.250138953892,12.050247264886
ZnS,23.893593629692,13.193234064796,7.570844688767
ZnS,-13.852066054081,-20.010578990384,-4.898554401637
ZnS,0.538438649762,4.825150616427,-4.444860074089
ZnS,-0.749950127381,-16.493919518832,-3.266983603446
ZnS,-20.189389313615,-4.513734298819,-10.452523203167
ZnS,0.338792480924,-7.566800179185,8.417643701346
ZnS,0.629749378411,0.277856741913,12.690731290550
ZnS,-17.853542491706,-5.428326734512,-3.090387188154
ZnS,11.082636620443,-17.387618401142,11.041909691675
ZnS,-22.996404149332,1.280819289961,-1.933046237308
ZnS,0.158026898968,-15.724010767840,10.523432786942
ZnS,20.385011535311,1.633939163189,10.104861167847
ZnS,-14.854716494127,-16.153292234075,-1.053690046765
ZnS,19.267319154988,12.362250850949,-4.081642704134
ZnS,-6.326967369671,-18.803794148456,-10.152110392618
ZnS,-19.852024296607,-12.771899643382,-13.868242798581
ZnS,-13.895224712042,-20.552957405759,0.313759084524
ZnS,-23.994726740006,1.063314093125,-13.822232417338
ZnS,-24.000000000000,0.907221104756,4.351958115819
ZnS,-12.547414234519,0.464014976301,-7.437857758902
ZnS,-24.000000000000,16.895187346149,3.958184455410
ZnS,2.693412624730,3.287665740080,0.586298677505
ZnS,-10.019376068319,-9.445433936217,-4.335383417581
ZnS,13.315709267422,-19.264880579490,4.460877567114
ZnS,-7.100219613456,-15.058444417421,7.207450332165
ZnS,4.593755537617,2.257884387995,-10.677698246213
ZnS,20.896059376891,-17.864972045942,10.618509966704
ZnS,1.575462230637,-5.267533991697,8.606243022243
ZnS,1.950831132666,15.352551886168,-11.515896901721
ZnS,8.404962013962,16.700668135386,-13.971475928586
ZnS,-4.419386130743,-9.113338078935,10.690211259347
ZnS,-20.736204907815,1.050504674501,-14.000000000000
ZnS,-14.234668552966,2.644689719280,-5.280283371032
ZnS,-6.151117758671,11.194086437666,13.679577209887
ZnS,14.766803964861,-15.966231608051,13.822584002076
ZnS,-10.605645619999,-18.828407978565,11.073115207531
ZnS,-0.738917149119,-10.665050048479,13.913649699740
ZnS,14.619584721652,-14.658035347879,-13.879867179085
ZnS,-24.000000000000,-17.915387684505,-11.877974746055
ZnS,-14.590983315091,16.005069206080,7.521743768416
ZnS,16.110546106288,11.545487623565,2.354006510850
ZnS,7.534713879459,-13.151214418158,3.175835831189
ZnS,19.299690443383,12.454071739903,12.372788560996
ZnS,6.989340082705,3.005105552319,-14.000000000000
ZnS,-3.043017499427,-7.519783194802,14.000000000000
ZnS,-16.981899262939,-3.490357104334,4.021778331317
ZnS,-14.122028953629,-15.279566086867,6.911185173168
ZnS,1.733232211377,-9.256274946930,-10.405030406135
ZnS,-8.006567941154,-3.636234724964,0.330350178176
ZnS,20.719411523610,-14.353757887938,-8.403922466561
ZnS,-4.314071107535,-3.620140516121,9.287947963028
ZnS,-7.392836506568,8.109764057589,-10.205188860880
ZnS,-10.739622846024,11.226672857993,0.654449488196
ZnS,0.269958301504,24.000000000000,8.092008926197
ZnS,16.538268939540,-5.922492951970,5.003093511962
ZnS,-12.246178443801,-7.170871330335,-8.754641774862
ZnS,4.319861788962,-19.106693744905,4.392774222944
ZnS,-14.895662041065,5.476714585152,5.094447682566
ZnS,-1.523739252204,9.654210715081,-1.992896295899
ZnS,-9.495159627107,24.000000000000,10.601798077915
ZnS,2.559168742990,-19.690339902505,8.766044157352
ZnS,-2.300048455436,24.000000000000,-9.206830945280
ZnS,-13.798090316690,-11.691334718523,-8.965406457324
ZnS,-10.107477161157,-18.499842737444,5.548918036913
ZnS,22.224079101022,17.030226716112,-6.154998570017
ZnS,-8.722697923683,22.106935692723,-2.309286294162
ZnS,-1.524424504044,18.304977101870,14.000000000000
ZnS,-17.698590593359,9.105050497465,-13.967827754217
ZnS,18.463173847695,-9.102888593772,0.008829631601
ZnS,-0.507285559881,-4.670156507335,-13.266666653744
ZnS,-0.009789740473,-3.595654311364,-11.608124131555
ZnS,-24.000000000000,-23.442358347764,-14.000000000000
ZnS,12.904455810447,-23.966258684028,-2.722856746001
ZnS,11.966385530006,22.338748460804,2.600671913639
ZnS,-16.956786371550,-11.418816340869,0.565898103522
ZnS,-1.324088036308,24.000000000000,6.851276985719
ZnS,16.002216557879,23.829087366480,-7.930589796139
ZnS,-0.482273247400,-9.708522801060,-4.212941471007
ZnS,24.000000000000,13.596360472789,-0.355856939467
ZnS,-11.163482611555,-16.550340813722,-6.123819890008
ZnS,16.351840065398,19.619608714723,5.860985109574
ZnS,12.805296087203,-17.694864814585,12.239714352837
ZnS,17.350521500848,20.091350013718,-8.396532108951
ZnS,8.497170571294,-3.052646167821,1.555997355782
ZnS,-5.438656595122,18.605290360918,-2.959524853382
ZnS,-18.708159859117,-4.949447876592,3.255570771781
ZnS,-3.281756350048,-6.759173611545,-7.345052217229
ZnS,24.000000000000,-21.992355006254,-3.639344897309
ZnS,-4.098471838072,3.833517192978,14.000000000000
ZnS,14.734287055367,12.515321869390,8.163067034818
ZnS,-18.800112473720,-2.227638940259,-13.572936506351
ZnS,15.058597058365,-10.263978668504,-5.403852735729
ZnS,22.055965209310,-14.020851938686,-4.611258736622
ZnS,22.305469509942,-7.905279172638,-8.432409207899
ZnS,-2.517031131308,0.209826223419,10.431339768322
ZnS,24.000000000000,13.325119574888,3.593472304397
ZnS,-19.015974933409,-6.887276273714,3.735643458876
ZnS,19.405979720402,-1.976093600050,-10.281538776030
ZnS,15.387619827536,-9.233385151989,-8.619415808237
ZnS,-24.000000000000,-12.494649537802,-1.737488336571
ZnS,0.573066340495,-3.514819630409,8.666193037687
ZnS,18.841913148588,13.328722925080,4.347878870163
ZnS,22.065174770063,-23.536675187184,-13.512582952301
ZnS,-13.994533127242,-20.704332336290,-3.006781059029
ZnS,-8.529983196874,-14.730007991676,-1.649022256912
ZnS,11.705994106297,-22.024792049397,5.467473047797
ZnS,5.883381893532,10.914168141339,2.793225784700
ZnS,4.148258784014,-13.940017289626,-3.223201685910
ZnS,9.596190374351,-15.253921287066,8.096404898046
ZnS,5.139677189241,16.200533691263,1.390791908777
ZnS,13.793292326356,-6.564308764812,-3.143636960773
ZnS,-10.546453610324,-3.415945363469,-0.707227296063
ZnS,-8.095103398006,9.515229284707,2.100259013715
ZnS,-15.461625090458,18.376357296476,5.758344077393
ZnS,0.588154576171,-19.205180601974,-7.908235089228
ZnS,-24.000000000000,-7.643332861978,-6.197107171950
ZnS,-0.595362519535,-7.577331231447,-12.528871520010
ZnS,-10.822866483019,-8.051769918194,7.480408161097
ZnS,4.302160851610,-24.000000000000,12.015299338255
ZnS,-24.000000000000,-0.619712748215,-7.144765536113
ZnS,0.901636817924,4.907238152492,-6.603043731579
ZnS,15.892415899321,-12.017341530065,0.469775515432
ZnS,-13.576680419213,19.401794855480,-3.084622368310
ZnS,-15.177884383059,18.792228378726,-0.770698781818
ZnS,18.663461535920,10.649180624014,-2.692801890630
ZnS,22.185586369281,20.903749279274,13.985083707814
ZnS,-24.000000000000,13.883658273291,-11.928840458549
ZnS,-24.000000000000,23.834894244731,8.902807738746
ZnS,-0.634635417340,19.189019385593,-12.193324643070
ZnS,-23.961702261222,-21.877399956029,13.976266563152
ZnS,3.292102472866,-17.445107311579,2.681677756442
ZnS,-13.213416714824,-7.968213914743,1.467678550142
ZnS,24.000000000000,-8.533824145577,-2.578500299860
ZnS,8.907837921630,-14.148296444020,4.271626022534
ZnS,-5.155499075075,14.993894232906,13.629643950632
ZnS,-1.614285916177,-10.517538969635,8.334794455380
ZnS,9.451869268807,14.234227910242,-9.026038310006
ZnS,15.511337693117,8.733547949402,13.803954239745
ZnS,-11.023033928378,-24.000000000000,-9.751020098851
ZnS,-2.081238167374,-3.780974916493,0.038914755704
ZnS,23.908914498053,8.699442230832,-14.000000000000
ZnS,11.071661773992,-16.059724376676,9.519747982251
ZnS,-7.492106811990,-6.974625244512,3.270672970423
ZnS,1.696099533355,1.576689258338,0.984200626430
ZnS,-4.777351941158,19.109651853774,12.202321181620
ZnS,13.259948753098,-15.732038909705,3.101291860963
ZnS,-22.047009292846,15.943030149284,-2.077966260522
ZnS,-2.817767003655,-0.031949780889,-5.408225900311
ZnS,-9.391260768364,-10.110110080774,4.230450121501
ZnS,22.015227460093,23.688653115573,-10.438162625110
ZnS,-24.000000000000,17.900928465018,-7.392421018906
ZnS,21.900536723689,20.121495557721,8.335534724687
ZnS,-14.690679706802,18.835046108975,-11.451062202868
ZnS,-14.150601213500,1.146188215066,-13.728469287797
ZnS,13.096233288008,-12.872522879860,7.379837770567
ZnS,5.865464650273,18.818846309232,-12.408870862013
ZnS,-19.260449885123,5.665038450550,2.810754129654
ZnS,19.417428398856,-20.631282152720,-8.648556081645
ZnS,-24.000000000000,1.895097071049,13.518216825217
ZnS,-9.663584933043,15.354339562453,-7.262030343296
ZnS,19.711757797358,13.946440573497,13.670261356873
ZnS,-4.522249134578,-0.787555260783,-3.809161840737
ZnS,13.567095307966,-7.969693856620,7.690950124180
ZnS,-12.453659253114,-19.139010056519,-10.221116175519
ZnS,8.126374873403,15.337414867931,-10.077914275614
ZnS,18.045273379065,23.952202841400,-7.768162591752
ZnS,-4.785030315284,-4.699988011900,-1.846971794367
ZnS,10.820725936677,11.985414035937,7.155350620136
ZnS,11.042650557527,-23.937558770137,-9.530998618685
ZnS,-17.229123694366,-15.024516243644,0.159992488343
ZnS,-4.516448599902,-24.000000000000,-2.042156438691
ZnS,-10.909198735623,-4.015143201813,-10.450753187146
ZnS,-0.048383451845,-1.511541852113,-8.653064859974
ZnS,-24.000000000000,-17.218597120956,8.249295070588
ZnS,15.182881675888,23.886655892218,1.454299488297
ZnS,-7.223727340608,3.490390627502,-4.101406716714
ZnS,8.808009784036,-20.499893129679,0.723149683031
ZnS,23.734666527224,-23.821749760717,-4.571003374230
ZnS,1.046490305384,-24.000000000000,-3.114940200088
ZnS,-13.708916823343,-19.548696907565,12.708001542125
ZnS,-12.297182998358,-13.843909760411,-1.633295201962
ZnS,-6.185729789105,-13.364513418548,10.468247116296
ZnS,-1.294212858519,-10.213919705989,-12.359323470000
ZnS,-23.801413180503,-9.635034621217,5.478510649915
ZnS,17.421825001619,3.989819845085,-3.483396839093
ZnS,16.277718435408,10.281832412480,10.256101305973
ZnS,-15.427370454223,18.035588102280,-4.722042897397
ZnS,-9.431725980472,17.189199966683,9.524506159819
ZnS,23.990379482976,-24.000000000000,-14.000000000000
ZnS,-17.969716487558,-11.775104828756,-2.202055720458
ZnS,6.409986279638,2.435454281365,-0.812816479219
ZnS,-3.515676161657,-20.027479482896,3.474192219874
ZnS,14.407310650523,10.854858911985,3.197501159025
ZnS,21.828634857908,13.303505893625,14.000000000000
ZnS,-11.522193258597,15.549297297056,-3.493104901779
ZnS,-12.266425668099,3.472137108223,3.267566120512
ZnS,-14.356854508607,5.315552913842,0.561355200461
ZnS,-8.043899801091,10.388040959077,14.000000000000
ZnS,19.000202353180,4.360880618574,12.886911896930
ZnS,19.481752652306,-1.837447995817,9.062093963728
ZnS,18.274021221139,-4.402111685999,11.933832010593
ZnS,-14.177852200617,-24.000000000000,6.171677625669
ZnS,1.615666483778,15.645489160954,14.000000000000
ZnS,-8.055584665771,12.978968859998,3.617610942417
ZnS,-24.000000000000,-21.849471039423,-5.018245451502
ZnS,-24.000000000000,-19.689106084669,-7.776281832813
ZnS,7.831206528005,-14.939785522756,-8.807620110555
ZnS,15.809381936459,18.709432139740,11.681576139670
ZnS,22.172911388573,15.736629157622,14.000000000000
ZnS,-19.828408715472,-15.684549570733,14.000000000000
ZnS,1.331392722594,-17.928986537417,2.638342026824
ZnS,6.591345905446,16.687200917819,-7.266210001140
ZnS,7.264475310762,-4.968329625881,8.199564795897
ZnS,15.031147498279,12.766985490310,3.691264545241
ZnS,0.614444509134,11.400604426252,9.114302472076
ZnS,-15.322653007906,7.345444073328,4.243999635003
ZnS,15.376452973097,-6.111062068791,-5.456948015720
ZnS,-22.232196092403,-1.366724052914,-12.024848270942
ZnS,22.536838870406,-2.242156281810,-0.916780904048
ZnS,24.000000000000,2.061116046832,-0.780271217781
ZnS,15.469457490862,21.757099056188,-8.574472074121
ZnS,3.200504250505,4.706966328373,5.677858968458
ZnS,-6.201782036983,-23.932029872178,6.596277956387
ZnS,19.176675965748,-10.367952616098,-1.395065096783
ZnS,16.225580526630,14.505124577295,3.773000658434
ZnS,-24.000000000000,10.931656006200,-12.191553737185
ZnS,-6.278945244477,-5.524415590152,-10.098798468916
ZnS,24.000000000000,4.038370090446,-9.732777995155
ZnS,11.108661793620,-2.165830142555,-14.000000000000
ZnS,9.959270417390,-16.834273423614,0.907402752337
ZnS,20.099418601730,11.430220207344,-9.035348818287
ZnS,6.585145811271,-24.000000000000,3.514106559650
ZnS,5.507486661159,-10.822383252182,12.307827207466
ZnS,5.140674610190,24.000000000000,-2.958921257361
ZnS,-17.994818053192,7.502721567327,-3.464421642041
ZnS,16.638504964854,15.966579483572,5.856071428764
ZnS,8.037390646838,7.404793450768,-4.498003773024
ZnS,23.817265782119,-6.690574704094,-6.970573030188
ZnS,-13.441913915670,18.408056380921,5.769787337481
ZnS,20.318856777194,10.445532383972,-1.543385216469
ZnS,-10.128379215537,20.109573180650,-0.269475164755
ZnS,19.435826785828,-12.357097475740,-1.632851633854
ZnS,24.000000000000,6.195505684350,13.936945284114
ZnS,20.523021494458,24.000000000000,-9.112725823711
ZnS,-24.000000000000,2.550198759471,-0.591244298428
ZnS,14.363290676086,-22.443857963093,-6.422827734215
ZnS,-9.744323033110,-15.643568358413,3.465375462364
ZnS,20.340736972565,17.615945045345,9.287287867901
ZnS,10.166529933307,-4.363927518622,-4.197577739507
ZnS,-6.031189924244,-24.000000000000,14.000000000000
ZnS,11.919348427551,-1.340970375461,0.562147607271
ZnS,4.561540260033,-2.082599803000,-2.613418251206
ZnS,-5.281884470414,15.746249461032,-14.000000000000
ZnS,-3.268431995877,-1.594925881219,14.000000000000
ZnS,20.427418369337,3.090455894101,-12.248705959158
ZnS,-18.891592047107,-22.602224226561,0.548918379880
ZnS,-17.740822864777,23.927474427763,-5.021838148374
ZnS,-21.264812622970,13.048777622218,9.119363396873
ZnS,-16.001655550176,8.353752647900,-10.236712358483
ZnS,6.915129204383,18.150331345666,-14.000000000000
ZnS,-12.874935640955,-18.455755179181,-5.759809184558
ZnS,-1.194890009655,23.307307184419,12.180945600522
ZnS,12.797036282167,-3.425260150971,13.985690529226
ZnS,-0.592477901689,5.080086765666,-13.989306592555
ZnS,0.865366355669,21.309529976705,4.347781971361
ZnS,20.783467180447,9.598457990074,-9.542422740077
ZnS,19.277759190983,14.545166021409,-4.436808072604
ZnS,8.372083984255,8.929843295196,9.244843119126
ZnS,19.210501886775,4.570763804388,-8.372521358194
ZnS,-12.722788385412,-7.487428900787,-14.000000000000
ZnS,-20.478616112576,-6.532442552047,-9.755310412214
ZnS,-11.646408692104,-16.769563527692,14.000000000000
ZnS,0.180115568714,-2.838181250732,5.723469504013
ZnS,3.385003667318,15.135908896648,11.759196143104
ZnS,-10.951751486770,-10.341048307493,5.492168281225
ZnS,-21.967524069223,-12.225529268353,1.774811739366
ZnS,-8.196607601926,15.103190461906,6.806778957482
ZnS,1.325652229080,-1.636581473338,-0.442540643776
ZnS,-7.830541540646,24.000000000000,9.457486508968
ZnS,13.047327242184,-23.857082122386,-9.296062954714
ZnS,-14.221793272980,10.056197848556,11.156820910838
ZnS,-8.642166793065,15.050211104553,-1.900510318566
ZnS,2.469586677417,-3.824360061296,-3.606825975594
ZnS,3.169685546036,-13.194356731323,10.896983680882
ZnS,-0.328005876844,-17.585385057010,-7.122543083399
ZnS,7.165461995976,-9.385791539527,4.267747714465
ZnS,-12.236330184250,-20.483820151902,-8.515965153690
ZnS,3.948707398893,14.689049144442,2.148726182583
ZnS,16.969318466670,1.318356332105,8.995485780272
ZnS,-14.030357042628,-3.589927483778,11.944046118811
ZnS,-2.260459457297,6.768417908089,-7.589800653366
ZnS,14.669726395603,-14.028411804729,-4.981755706689
ZnS,6.250711729569,-3.308968606700,8.746559963016
ZnS,23.978402060073,2.410513342518,-2.769707064533
ZnS,9.039982795847,-12.136301535519,4.149927393826
ZnS,18.448991019916,-5.248555503857,13.901439867422
ZnS,17.901131031838,-20.594833078448,-1.384039559790
ZnS,-4.495883687253,-17.154014192926,9.628604420029
ZnS,-2.701338748860,-17.249825898439,-14.000000000000
ZnS,8.051466841916,-7.773114867674,7.244066407026
ZnS,23.908136269984,-15.060016855745,-6.003335967135
ZnS,1.555099529705,20.161312670981,-9.863092755721
ZnS,9.315095133779,-1.758657874560,13.823088547085
ZnS,-0.092462682618,14.432795455463,11.212879343345
ZnS,-1.823354143820,-13.103757583708,-13.995403061241
ZnS,-6.520508642323,-2.114527844986,2.630801612077
ZnS,8.242042757511,-9.108126117433,10.467237725587
ZnS,-21.678883364640,-16.462305553858,-13.908445953151
ZnS,-9.097840321068,-20.616729317286,13.998874276853
ZnS,-1.265101336608,-18.805731979505,-3.495980666059
ZnS,19.516240348189,-22.327681223497,-12.576611454494
ZnS,-7.842679616465,5.041896487879,14.000000000000
ZnS,5.758210746564,-4.907109503902,-3.154727816807
ZnS,-18.561445667658,-8.606229838523,2.776998478238
ZnS,-6.020496779098,-4.665547197597,9.562964435432
ZnS,9.145781377893,14.235277778875,10.244318577860
ZnS,-6.152161164335,-24.000000000000,-12.013465152355
ZnS,-15.619248811828,8.481513325246,2.600291468865
ZnS,-7.256903921470,23.905948935734,-2.341976148874
ZnS,2.659849960176,-8.726457660392,14.000000000000
ZnS,-0.109651409897,3.560431565275,1.116739868299
ZnS,21.192068357726,-19.986285082522,-1.744075452525
ZnS,-14.237442825685,23.946863819402,-5.014280578737
ZnS,-1.187354228437,8.119497194634,4.965857210647
ZnS,11.137976665675,-24.000000000000,6.969329254272
ZnS,-10.496052786086,-16.297582573305,-4.201911403225
ZnS,-15.172028501588,-20.948826692065,-1.383781860866
ZnS,20.070588071734,-5.595169988162,10.561328303506
ZnS,-13.239588104349,20.393215771995,14.000000000000
ZnS,14.882921790521,2.663836215818,6.007342173771
ZnS,-12.141277108871,-24.000000000000,-13.986957588235
ZnS,-0.542006329975,23.998775153362,-5.321516801337
ZnS,18.876570754415,17.128977958839,-6.331344661746
ZnS,-5.359346604862,-18.735776493644,-12.075980478474
ZnS,16.381710728782,12.553893357542,14.000000000000
ZnS,-18.944351647101,7.661050526867,4.219909494894
ZnS,-22.189600041407,0.881501379568,5.247607037211
ZnS,10.285901578544,8.404394569551,-12.095817036071
ZnS,-24.000000000000,11.486018101885,2.046610381249
ZnS,-18.617159918412,14.320866652509,14.000000000000
ZnS,0.321527005370,24.000000000000,-11.871694430155
ZnS,-21.913539025384,-9.691243067405,4.754414189480
ZnS,7.858178168593,-10.974666057357,5.305059560111
ZnS,-8.597606550860,-15.026168648180,13.877635211453
ZnS,-20.190853419613,12.169793336317,7.065731640096
ZnS,-22.109012344030,3.608300040422,-6.007797413532
ZnS,4.052389015258,-11.922442874971,-3.198678458170
ZnS,-14.562965694274,19.296979910319,9.434040095584
ZnS,-11.335401361665,10.574769885764,2.471167623682
ZnS,0.242429781927,-19.402401426366,3.789230393821
ZnS,7.256934866158,6.654272689994,9.627791506953
ZnS,7.031711595474,-6.687535467484,-13.938709807308
ZnS,8.413577757940,-19.438900103197,-4.774382408090
ZnS,3.679926648043,23.010242321616,13.824878718837
ZnS,-2.867288911732,24.000000000000,8.180873412845
ZnS,24.000000000000,17.715363684711,3.264120365216
ZnS,-3.203218420232,23.931821473512,-13.843867296177
ZnS,-16.470020448958,20.226841045852,14.000000000000
ZnS,2.055916421788,6.284184795868,-13.607772650840
ZnS,22.981942512072,-9.217864054202,14.000000000000
ZnS,8.880159652226,17.535059133126,-7.321043446255
ZnS,20.138708363622,4.054828630400,-14.000000000000
ZnS,13.776469196804,4.437736427240,8.997667165292
ZnS,1.193714362804,14.921515390037,6.500967853810
ZnS,-20.257722086470,7.496193354873,2.694039483585
ZnS,19.039886518218,-7.668649195009,-11.087571121373
ZnS,4.830777859485,-11.693598745305,14.000000000000
ZnS,-20.964854215126,-19.379740903371,2.293283805363
ZnS,12.791939419738,15.451378454695,2.047127358790
ZnS,-6.957826618303,-6.845465812372,-8.146623014837
ZnS,-17.868112541991,-22.788408178291,14.000000000000
ZnS,-16.137955501588,-2.861414746072,8.653204433393
ZnS,-22.633831129029,8.665650481852,-4.883889858079
ZnS,0.202399467574,-24.000000000000,-11.215420922600
ZnS,7.099628048537,-4.214014141668,-9.755202471298
ZnS,-16.862560275643,19.287318626947,-14.000000000000
ZnS,-19.005733619483,18.187526672749,12.354110129164
ZnS,13.897827693654,-1.184915162139,4.174308943471
ZnS,16.760110781887,-2.264454595030,5.404953697374
ZnS,8.925060271169,22.245806040496,-10.271821464190
ZnS,-4.804027439966,13.061998379286,4.439329033720
ZnS,16.065762581563,-18.500126523029,-13.934796171655
ZnS,20.385578341544,23.935438375247,8.434825518651
ZnS,11.196406082431,20.667720384136,-3.877575343312
ZnS,-6.078833621927,-10.002883704142,-0.737486058173
ZnS,-9.668989504731,10.065572024371,-13.953193257593
ZnS,-24.000000000000,-14.338161545395,1.703390368201
ZnS,-17.403286225417,-21.334105178989,3.672031684550
ZnS,0.794963112602,-12.108000305110,14.000000000000
ZnS,-24.000000000000,-21.528344155991,8.851500475437
ZnS,10.817271341545,24.000000000000,2.614030395335
ZnS,-24.000000000000,-19.356209701520,2.331977604618
ZnS,22.007412905113,2.836296485900,-14.000000000000
ZnS,-22.959259274144,-0.323142101901,-8.850432990759
ZnS,1.396020265815,14.402626947679,0.082271537308
ZnS,-9.594324794998,-9.323452926655,-6.306386200511
ZnS,2.135699801700,-15.041258333735,6.148439264551
ZnS,-6.436170874253,-9.511023366951,-9.100090167767
ZnS,6.653541866574,-12.246972264125,9.322192786207
ZnS,0.063605352260,12.625961089646,-9.109227409345
ZnS,17.912584960675,-12.516651892441,-13.880903101977
ZnS,-6.289889906743,-8.156805797899,-5.458620812278
ZnS,4.575211080613,22.334768580453,-3.952728279044
ZnS,-11.961452900859,4.360601668880,6.989673729918
ZnS,14.984591473389,-19.928168511805,5.385691664648
ZnS,-1.269568388287,23.959257383085,-13.260219572336
ZnS,21.130828050982,15.621170785426,2.867451640089
ZnS,7.880784460890,2.957740181050,8.646262664200
ZnS,14.972719038168,-12.124752876703,7.386127522065
ZnS,15.726524335911,-5.874431084299,7.134149372969
ZnS,-5.782484220649,-4.252408486315,-11.959034395714
ZnS,-3.127512149983,20.390611238301,-14.000000000000
ZnS,-18.964527866692,-21.961138645885,2.463099399260
ZnS,6.458930256476,18.961979941747,9.288038010609
ZnS,-11.001663106653,23.995658894986,-7.437260709224
ZnS,1.615025934381,-0.443906168627,-9.312047981423
ZnS,24.000000000000,17.246422967279,11.430572898916
ZnS,9.926112871851,20.279132805609,13.602094132042
ZnS,2.917064071674,-9.900700154074,1.253850467947
ZnS,-1.675749768827,-5.140092943090,10.949108640874
ZnS,-23.495910516186,13.058145333336,9.309375087946
ZnS,18.070765936091,17.602245193288,0.670784311964
ZnS,-17.347745942831,12.524409359612,4.794031846316
ZnS,-2.688429541990,23.988156282815,-5.704527943911
ZnS,-24.000000000000,-23.995476912358,-10.021917493766
ZnS,0.173560825677,9.788210639084,14.000000000000
ZnS,19.523368481061,-7.471144051693,2.604023968059
ZnS,13.592459998717,-8.195562236817,-8.332744395979
ZnS,-22.174195392497,-18.679882233701,-14.000000000000
ZnS,0.155463635035,-11.586448285907,-3.634640931434
ZnS,-20.740835329614,-4.201514637221,8.341562434897
ZnS,-18.126497218769,20.733758549368,3.203973901309
ZnS,-14.081683657029,-15.663545289713,-8.209176478304
ZnS,-8.579611163876,7.025086483441,-6.672109146020
ZnS,-24.000000000000,9.695111599141,-3.809556588701
ZnS,-2.859150974737,-5.508169506152,14.000000000000
ZnS,-2.809031872796,22.636521036743,-7.791894358285
ZnS,-2.078331345520,-0.865135013911,-11.660279391806
ZnS,7.661907782372,-24.000000000000,9.298831560159
ZnS,14.121045724430,11.986024425182,1.548587291789
ZnS,-9.537965998682,20.201999281582,-2.237055673837
ZnS,-10.480999635547,3.710805330972,2.353406721775
ZnS,-3.368484088173,-22.483666419974,-12.732856817167
ZnS,-11.585238244402,-5.801460213909,-7.424878446475
ZnS,-12.111308227747,0.957197057353,-13.892235250313
ZnS,10.936177519866,24.000000000000,5.552062041209
ZnS,14.351133439779,-13.228670583006,5.812788150188
ZnS,14.804825537656,22.384001988174,12.057446776914
ZnS,-7.986631724749,-5.526870863684,1.058781241346
ZnS,-5.292723970266,0.361514262078,-8.982621193283
ZnS,-13.513094569336,15.535167934199,-3.834439170259
ZnS,-1.544038400841,22.501369318455,14.000000000000
ZnS,-23.900766241019,-8.993110567037,-4.500780397762
ZnS,-23.983027092289,-17.408055296244,-13.833153959126
ZnS,-24.000000000000,11.741866007182,-5.922471173145
ZnS,12.734947376061,-18.290919343255,10.310940154984
ZnS,10.783663117926,-13.282353665094,-1.978107339787
ZnS,2.895317811400,13.009004344406,13.778741242122
ZnS,19.629027092519,-9.695112547763,-7.904908123614
ZnS,8.062288189799,4.934807293811,10.317169302101
ZnS,11.474625021394,10.735585750798,14.000000000000
ZnS,-21.958327460874,-2.590086981216,-9.504961806650
ZnS,8.659839278104,-0.251365763876,4.583151377021
ZnS,-2.649355051617,-17.083956135396,12.278855989675
ZnS,12.293126291440,-1.073445866936,2.614673816503
ZnS,-0.238159559036,-12.932442639400,-10.690388441174
ZnS,-19.233293298313,-9.147344692775,-12.422380975417
ZnS,10.565654774283,15.876532832899,-9.403816273266
ZnS,12.153957071065,7.509302385265,3.481417813476
ZnS,-3.713981352281,10.059589969200,-1.673417265073
ZnS,15.181248324126,-3.596784783797,9.840609365492
ZnS,19.365553089757,14.606732080924,5.821952559223
ZnS,-13.542726523046,24.000000000000,-10.447392348865
ZnS,-22.583050458777,12.371281651404,-12.203041090374
ZnS,18.581159344046,7.036901301788,14.000000000000
ZnS,-24.000000000000,-10.184109347109,9.569833012524
ZnS,-17.238958103236,-21.263402262528,-9.801201671930
ZnS,-22.016319023565,-14.029346751221,10.342026776160
ZnS,-15.559626798592,5.260495405672,6.989915627169
ZnS,7.183422768232,1.092497525920,12.383358969264
ZnS,22.170998653687,-24.000000000000,-3.130992029709
ZnS,18.484895705535,-9.059561646149,3.397896899899
ZnS,16.185780122435,17.784301484066,-6.728416369219
ZnS,20.995472608102,-16.067226225154,4.450434365771
ZnS,6.448809657013,18.744216135461,0.454697748534
ZnS,-24.000000000000,2.743794079332,3.510887656868
ZnS,-5.810335158661,9.119279399771,-9.397857529745
ZnS,18.031251384547,-14.870200473109,1.303203326691
ZnS,0.006652652808,-13.718526934669,2.270536879183
ZnS,23.881953220315,-4.759517846273,-7.588883668981
ZnS,0.926063638914,-2.500819774082,10.512352927927
ZnS,23.824407717396,-12.984875119230,13.998573905864
ZnS,23.975860511161,-10.856143013690,10.295288927793
ZnS,-16.195101193887,14.851355314170,3.400937160918
ZnS,-9.185470774778,9.815765976698,3.773930514104
ZnS,-0.152817587039,7.764994805653,-13.903948582643
ZnS,24.000000000000,-23.922295081084,-2.277111825331
ZnS,-18.486544968568,20.487736000064,-13.954482510600
ZnS,15.823179188312,12.033377842937,-3.772392927177
ZnS,5.577328561455,-17.591055058931,13.926145482781
ZnS,-5.813352709827,-14.367606630252,8.603506547187
ZnS,-15.310196561603,15.820177984665,-13.959750957542
ZnS,-6.021831915913,-5.520244813500,3.152532793461
ZnS,-3.693501554164,-12.340262002129,-14.000000000000
ZnS,-22.505668225692,22.221696866605,-12.193011684675
ZnS,-12.137446279827,-4.596463032975,-11.950559939245
ZnS,0.594114563762,-22.001273925731,-0.697044200909
ZnS,24.000000000000,17.094029180763,9.416329841311
ZnS,9.033474165091,-12.961354378296,-8.459965533477
ZnS,12.138488041357,20.744981027323,13.973180550866
ZnS,-3.634233393466,7.953511578705,-8.477885897931
ZnS,22.060146069082,23.116486292918,0.743284443224
ZnS,-4.170568114515,-22.053832120331,12.149338159576
ZnS,8.539479370799,-11.697279668148,9.792804395063
ZnS,-9.812149297607,22.213852078282,-4.672002002643
ZnS,-18.108065612009,20.205668034961,9.071217328279
ZnS,20.829155210449,-2.685921175585,-9.036100927887
ZnS,-10.927466043169,-8.413281666156,-14.000000000000
ZnS,1.959149768876,-6.061908469852,-3.583028969097
ZnS,-3.801542504509,-11.913393594735,3.147238212614
ZnS,3.377304618388,13.938653855745,9.628970530771
ZnS,-24.000000000000,6.675919302579,-1.441679899659
ZnS,-0.830745323983,-23.855465014659,8.852886603613
ZnS,18.049215887300,18.304552894933,-7.750466098931
ZnS,9.525365064163,19.025342947196,-0.290178454272
ZnS,-24.000000000000,23.793887128896,-0.684844373120
ZnS,-9.502411182700,1.685226531545,-1.475013814439
ZnS,-1.292473382414,-19.036585789721,-14.000000000000
ZnS,11.793126547706,-10.026820833298,2.053976251474
ZnS,-10.953384938706,12.141110582977,-10.477015577576
ZnS,-2.119974647179,-13.132213029926,2.837985308593
ZnS,3.594321730564,0.915828034332,1.335311769199
ZnS,-9.372011941645,7.479624852469,3.023375170628
ZnS,-12.297946405272,4.595985519080,10.550406317388
ZnS,-0.812343527455,-24.000000000000,-8.969886803661
ZnS,5.538864564793,-22.314952406411,3.961395922195
ZnS,-17.390073134671,24.000000000000,3.062264326830
ZnS,17.262776969051,-5.209111168389,-4.787808012404
ZnS,-23.956868401857,-22.245095936827,-11.058745018395
ZnS,-23.844509748241,-11.349696410045,4.175845228572
ZnS,-21.759993159337,-2.540052135842,-13.640122514021
ZnS,-18.860762823965,16.322826938569,-13.034909205533
ZnS,4.269736414533,-10.443219465183,-1.729501243028
ZnS,20.440634021758,12.850958231685,5.625397935705
ZnS,-17.140182909833,-13.055211271422,-0.877820682429
ZnS,8.520066035148,11.485547731684,0.751864711691
ZnS,-12.039847488943,-15.118687854905,-7.250981358449
ZnS,18.081118071130,5.233378416576,-4.932290933410
ZnS,-1.315178317521,15.845140600270,-12.118566725785
ZnS,2.880548538989,-15.511802337914,-2.553462144820
ZnS,1.146523210140,-17.773557348046,14.000000000000
ZnS,-19.818287870089,-9.963629181405,-10.270566480727
ZnS,15.413669674583,16.861583032122,-14.000000000000
ZnS,20.444766143834,7.758105501667,13.704647076556
ZnS,-15.040441774556,14.681198132372,-12.269148207949
ZnS,-10.774683662508,-1.716269213392,7.445558899920
ZnS,16.532846664284,-19.024622268184,-5.794146972478
ZnS,15.088236175881,12.379960735258,-13.502135545000
ZnS,14.905443753787,0.440236847662,0.991851460787
ZnS,18.419618175901,1.128315090327,13.740134352345
ZnS,-8.355894416108,5.751536718879,3.271600783035
ZnS,-17.118198591560,1.247758832900,13.939810321659
ZnS,18.344768838870,0.492690204843,-4.866459949064
ZnS,-24.000000000000,21.893383037605,-5.873840874277
ZnS,-10.018296112827,9.489392246233,1.390617552365
ZnS,-16.938807759191,14.910986061985,11.895090060548
ZnS,17.973540464081,-11.662942740994,14.000000000000
ZnS,-1.027025242908,13.777669493020,-6.978625168249
ZnS,-11.794820607040,10.608718075456,4.437935222662
ZnS,-7.215582422808,11.191995890682,4.043666323577
ZnS,-20.845461877368,-24.000000000000,-7.475849434823
ZnS,24.000000000000,-6.815780269241,6.200357704697
ZnS,6.659020522633,-20.401095985933,-4.498507091694
ZnS,23.995465675050,-13.103312805047,-6.497383082344
ZnS,-14.076281949577,-22.185748326110,2.924494686259
ZnS,-7.935879045304,8.143100893789,-1.081120642350
ZnS,7.203169509572,12.854780906328,-4.851954026663
ZnS,23.848402507463,17.129420084256,1.329652946566
ZnS,4.867492712233,-20.872707347394,5.206220313064
ZnS,8.467369755351,-15.594998656149,0.144283789014
ZnS,15.338483805425,18.198379478954,3.262322599665
ZnS,23.369980936253,1.474207197182,-4.453023534568
ZnS,17.811628599443,-7.975851542356,-12.661549208553
ZnS,12.440169519876,-2.763673742603,12.039134963831
ZnS,-22.249074963982,-15.784683697013,8.155287037366
ZnS,-10.536258443064,-19.490402459097,7.256353794192
ZnS,-19.869183580733,-24.000000000000,4.633125656834
ZnS,14.475840537261,4.160731137691,-9.520127777742
ZnS,-13.627040331370,4.439346139972,-4.549752116224
ZnS,-18.636605759432,-23.955813113766,12.136957947669
ZnS,-7.648526202608,22.757426187579,-0.727068585241
ZnS,-13.977016455842,-12.793825862705,-2.058346835405
ZnS,13.624106110672,13.700998134577,-13.939837331111
ZnS,-2.210468960800,-15.883767835408,-12.076738076093
ZnS,9.503379787676,22.562402352929,5.580231916558
ZnS,-15.650206153187,-4.772203208080,4.836556683254
ZnS,12.985678665856,-8.800778067964,13.970088788661
ZnS,-0.748544266148,-22.917484919732,12.571805276346
ZnS,-18.443958384059,-3.817181324645,-8.118527025433
ZnS,4.589280336829,-12.697575041974,4.657345967451
ZnS,-6.371658034021,-16.726595376801,-0.769792986008
ZnS,-13.501437359116,-1.443442006520,9.316534060351
ZnS,20.421766498691,-9.272543518999,3.930409102902
ZnS,-10.716767145464,-8.251144820480,-7.598933481704
ZnS,-18.224529547418,11.107941446273,-13.895855329438
ZnS,-16.024523831335,11.638774675652,9.108307972514
ZnS,5.734825061953,1.154620428908,13.973128708357
ZnS,-23.929749170289,23.731609082040,1.372883956317
ZnS,21.119277564150,20.521012450628,-1.554902146378
ZnS,9.734194614788,12.349525359712,10.666329879766
ZnS,2.609646083768,3.054525406736,-13.066845166498
ZnS,-20.672549322178,-15.197083333649,12.230761956249
ZnS,-21.807322387267,-14.105146587131,2.530904328517
ZnS,15.482397964472,-17.036624194685,-6.355526003671
ZnS,6.565126044212,24.000000000000,-11.871698842895
ZnS,-22.413325427845,3.483979503267,-12.365302896440
ZnS,11.811506293418,20.393688260294,-9.560725990258
ZnS,-7.328804034709,-12.821983473270,12.043579462584
ZnS,-20.266627320068,-13.094433156403,4.637293524054
ZnS,24.000000000000,9.486423986176,7.905506046512
ZnS,-5.098411918342,23.662942695392,-10.293035989418
ZnS,-19.429176224983,-24.000000000000,10.279465365619
ZnS,-16.398900443016,-19.578862826230,-2.690509945326
ZnS,-0.972374986527,-20.680631365608,12.232514493473
ZnS,-23.705179133411,12.508787759861,3.763416066751
ZnS,12.841376662663,13.010536384284,-2.188212405128
ZnS,18.898630937401,-13.894216547758,-2.828294961888
ZnS,-4.492891584323,23.298468010258,7.208419690920
ZnS,-19.289542821368,9.526960611648,9.735658025386
ZnS,-6.262443996589,24.000000000000,-11.954848411480
ZnS,-20.617578565136,2.632304992431,-12.749307017607
ZnS,-23.621907750575,-3.344760807000,-10.367148335522
ZnS,11.246791778711,0.451565907012,-10.970664092974
ZnS,-5.498079560809,10.060611068266,-2.864144253369
ZnS,18.211623034614,-4.206672662466,1.881647287596
ZnS,9.707125597914,-0.102941880383,6.332873823322
ZnS,4.333510030723,2.566762975413,-14.000000000000
ZnS,-4.830268489238,-24.000000000000,8.077740213749
ZnS,11.621803402804,-21.864605906425,-9.154989180870
ZnS,-0.261055080491,-19.327326875104,-5.169369274373
ZnS,1.282141831547,1.670910150119,14.000000000000
ZnS,-10.934409055019,-21.142304920427,-6.805556154560
ZnS,-6.469599202456,16.271696726612,-0.258825007189
ZnS,-6.789288254746,-11.108590426954,1.894022054649
ZnS,-1.497299248096,-12.899362026312,-1.923627377231
ZnS,-14.413030455766,-13.790422567664,-7.519243184713
ZnS,2.372378105035,18.785949754690,-13.957895381863
ZnS,20.172160720095,-21.441211162917,-2.705001121669
ZnS,22.543642190706,8.785002045381,-10.108526172630
ZnS,21.999946361618,0.423639597602,10.191920611772
ZnS,2.996684694206,2.508233824316,2.425024212175
ZnS,1.018425611477,13.958117861337,-10.289937196761
ZnS,-4.926634059087,-17.969510863037,2.409057374696
ZnS,-12.243635127748,-1.142337169860,-0.679491065640
ZnS,-6.090639743023,24.000000000000,-0.396313125903
ZnS,-1.756191223366,1.478376181221,-4.047131587260
ZnS,12.666066827539,11.885602097381,-11.049279411284
ZnS,8.722333278573,-8.456388549311,5.158114837010
ZnS,-24.000000000000,14.958796937384,10.862094392752
ZnS,-8.191029878945,5.538129088874,-4.109041369370
ZnS,20.352889760981,22.283693956858,-3.210853729321
ZnS,15.722317670675,22.535778491791,10.008519629965
ZnS,-17.823994192563,-2.822426393170,0.329077636098
ZnS,23.994848171255,20.655149157216,3.174050609991
ZnS,12.205490523335,-8.647005808380,-13.898231015709
ZnS,23.983559340482,18.322850811583,-6.006463468493
ZnS,-14.139290528128,14.180726734633,13.254577933465
ZnS,0.638516271319,-22.503930387680,-13.105828530477
ZnS,-13.849014769520,-23.845035523439,8.158698207966
ZnS,10.438397864184,20.651297347212,-8.101750347679
ZnS,9.204928411734,-22.288980486215,4.691479475842
ZnS,-13.839195679824,-1.373053208812,-7.480273024783
ZnS,-14.303311700458,4.599949214522,10.307740154540
ZnS,18.113269373780,10.861323957424,4.233403849574
ZnS,5.924361389659,-9.524658478393,-2.435802104132
ZnS,-9.261645185436,-21.868977548167,-9.003079956363
ZnS,-4.205523000741,12.688587682135,2.546512359017
ZnS,-1.974150958537,-10.825161889860,3.081858518051
ZnS,-10.483564416987,-13.172888714427,-12.205340580610
ZnS,3.853349544157,-17.470255202173,-5.381703466159
ZnS,1.541657436475,-10.837336779585,2.398999754611
ZnS,-7.918957536223,2.862627238350,14.000000000000
ZnS,11.711844596734,16.883009537672,14.000000000000
ZnS,-2.092049049396,8.169046183308,-12.769928085655
ZnS,-4.333408595834,-13.311737860459,7.559161684616
ZnS,-5.800569272482,-8.027479713263,-1.054891706918
ZnS,0.934138357272,13.439373822904,14.000000000000
ZnS,20.195526405498,-22.332779706092,3.442676774169
ZnS,14.969661474858,21.751502611906,14.000000000000
ZnS,-6.406037168036,-9.500266735820,10.520395254344
ZnS,18.198245093868,14.876688940412,-11.366314245376
ZnS,-23.053773990560,18.741267082158,3.949378715212
ZnS,-3.140755627502,-8.428513713465,12.198596256367
ZnS,6.326636674516,-3.063230766830,-2.556895890014
ZnS,-23.729132501224,-1.791644429491,14.000000000000
ZnS,0.818593300876,-24.000000000000,10.010120924499
ZnS,-23.031301249186,1.453740054347,-12.046553667582
ZnS,14.378534354516,-9.475409581359,-0.932692529019
ZnS,14.731644494559,14.192702952148,7.037551546715
ZnS,16.574198028882,-7.474432698265,-11.145718992700
ZnS,19.339854862634,7.062224117086,-1.752649546786
ZnS,-17.623399939782,24.000000000000,-3.006558707639
ZnS,-15.285364060760,-17.762782738730,8.351324888612
ZnS,-16.412136291165,6.667575819352,5.817844171978
ZnS,19.924077150351,-11.030804754250,-3.150744980560
ZnS,0.755754162837,-1.826815051251,13.601659662403
ZnS,-9.203639609025,14.689543993039,-12.330874699885
ZnS,5.109396447264,-6.912432436563,-3.952913859407
ZnS,-23.720758615161,23.804142847884,3.381074768041
ZnS,2.747314077992,3.620416665587,10.128531507433
ZnS,23.967178231638,-0.659085860481,6.433022678012
ZnS,5.247719112781,8.994130588941,2.970867469896
ZnS,23.892107624942,-14.737006221859,-13.957969075263
ZnS,-11.523533794169,22.319131436333,-6.379009549694
ZnS,21.717487162813,13.282871120115,-1.190190783661
ZnS,8.378819621076,-4.959313102505,-5.082308009072
ZnS,-23.884534369822,-17.430230335614,-3.883964879423
ZnS,-10.942231798783,14.671147557109,6.815939084821
ZnS,6.836362333492,20.610758741869,7.864601701740
ZnS,23.775063920989,19.234769451366,4.691589780860
ZnS,-2.301108991589,-3.491488231255,13.994440960571
ZnS,-0.594400600522,-7.216124055528,10.174509048372
ZnS,3.317196956932,-5.464940595780,9.610130674812
ZnS,19.090304162619,-11.612417676656,7.146544898346
ZnS,-3.515533350691,-22.302573318928,-2.741220707186
ZnS,2.045386930842,-0.323960803937,14.000000000000
ZnS,24.000000000000,19.856677877149,-14.000000000000
ZnS,2.445486715253,23.983953952130,-7.761060929004
ZnS,-22.378354507820,-4.931203258035,9.284124847605
ZnS,-24.000000000000,-4.956412437908,-11.524742027453
ZnS,5.212805066246,-4.630107101146,-10.344409751914
ZnS,17.817882490367,-11.655527726292,-2.782896648078
ZnS,13.535247821190,-21.270739944434,4.554317172658
ZnS,-21.276900772163,0.447574748224,-12.033328299421
ZnS,-2.727870034909,-9.025012382844,-2.464394915186
ZnS,2.766119169354,5.463620953757,-6.060329303175
ZnS,24.000000000000,-12.620801841120,2.538497073148
ZnS,-2.944584845078,17.677982885392,12.323494642496
ZnS,17.144856291155,14.020839726086,5.512965307296
ZnS,2.909495471906,13.182570435504,11.562319072541
ZnS,13.041719678862,2.694405188764,-1.344357183040
ZnS,15.202963267039,17.357799100762,-5.015942506123
ZnS,-5.242194919884,23.985225548583,-2.464706109526
ZnS,22.114951539884,12.676745957070,6.741960035537
ZnS,-15.824252113268,8.808017740906,-8.276466095363
ZnS,13.058330333989,-0.996475553850,-5.287264886846
ZnS,15.046933022400,9.242860237161,4.243665008338
ZnS,20.667109393099,19.807407636718,-13.865120690761
ZnS,23.960646393578,-10.541041917547,-3.499099027880
ZnS,-14.893779140734,-22.211368564346,-7.314111136314
ZnS,-6.178462789312,7.454390832626,5.770738739709
ZnS,-5.153912805971,-18.997309806655,-8.240610702848
ZnS,-10.576132424549,-22.570063035955,-3.837128149226
ZnS,2.217778128774,5.913297614158,-4.168898813437
ZnS,5.504175002868,-12.989648464083,-4.918044435412
ZnS,-24.000000000000,4.679172651837,-1.747258897739
ZnS,1.842565276923,-14.543916288155,2.653503179029
ZnS,15.652845870838,9.813186823612,6.125840803134
ZnS,-19.018943240719,0.781396998776,1.086643981487
ZnS,-23.845458933653,-5.738565905317,-7.237660918467
ZnS,24.000000000000,11.304096267203,12.049103223995
ZnS,12.136122425829,-19.120546134842,2.827432680004
ZnS,5.507087764204,13.952012056235,-4.735744099170
ZnS,14.903836189941,-0.530475764622,14.000000000000
ZnS,-5.659857807802,-17.061268080162,-8.519145480126
ZnS,-19.686169822887,14.153864281862,-10.159686339403
ZnS,4.882579988382,15.367452510286,5.056515383796
ZnS,23.639079391198,6.976559547769,5.161219616959
ZnS,5.821094913110,22.046829961189,0.843775903442
ZnS,-17.645438318650,-18.091100282213,0.853103218107
ZnS,6.644669575456,17.641610697270,-1.226462346461
ZnS,0.598322694647,-6.876406332753,-14.000000000000
ZnS,-7.699543367285,22.267206109452,8.412866144955
ZnS,-12.961719972106,21.314053081356,12.223718895549
ZnS,18.982000583686,-3.010028177866,10.629162170641
ZnS,-10.040165604927,1.296902094833,-10.469705976356
ZnS,-10.454716300319,-7.710821417685,-3.336176552321
ZnS,3.515038441885,-9.244988742017,4.016432497302
ZnS,-16.718909733579,-22.183820627273,1.972028439954
ZnS,-6.879753375794,2.347115704064,-5.730824944545
ZnS,-21.101946388978,-8.448319790212,-9.901164596872
ZnS,-17.036754565294,-1.973896420960,-5.354703207399
ZnS,21.789288177365,-6.058559563659,-7.601147680151
ZnS,-19.308449090568,-10.534225379841,-14.000000000000
ZnS,7.275908499690,-1.068553898401,12.184193713297
ZnS,2.618895685010,15.208075901961,3.988069695081
ZnS,1.563074955295,14.453409328312,12.370101019712
ZnS,-17.295889040025,-22.514141434722,7.529020682015
ZnS,16.373871252929,2.304440812509,7.336124507973
ZnS,-0.948880195540,-14.843377411183,-1.944581109087
ZnS,3.060989993789,2.018321796550,-7.790541385321
ZnS,-6.474160604893,-22.752793952205,12.414710500748
ZnS,8.659361551165,21.978176307644,-14.000000000000
ZnS,-21.605632690935,20.401796086781,-12.406125769989
ZnS,-19.031227131990,13.475239954772,-12.458750097327
ZnS,-3.297158082500,9.820424358211,-3.635420611388
ZnS,-13.767663960355,-3.430363842052,8.644565715119
ZnS,-11.147449633348,12.519140446107,4.030605777183
ZnS,15.616148026800,12.558343575789,9.980504320752
ZnS,-6.776658114198,13.512250911962,5.175534890916
ZnS,-4.057816854646,4.295769524662,-13.993154092642
ZnS,12.931573132611,-3.375025055428,10.177638054075
ZnS,13.522219784765,2.461558560388,-4.838357750626
ZnS,-11.704557365531,-6.925634919448,-1.957126752951
ZnS,-14.624226279783,-13.884538692149,-9.525966290284
ZnS,-5.165511823407,18.476813886742,-4.956844278238
ZnS,-8.709315365562,19.287414776002,8.102950004272
ZnS,-0.522110638006,19.204343632469,-2.162880274945
ZnS,19.981590171925,2.041497318292,-13.916435883785
ZnS,14.957861700927,23.796550289543,-9.659365163671
ZnS,18.493078885352,11.472626480814,-0.856145858504
ZnS,-1.735893361232,-6.569312730782,-2.017986585925
ZnS,1.746096098817,-20.675361690685,7.197856242125
ZnS,-6.911055815979,-23.889372870466,8.511793808320
ZnS,16.539032469169,-0.749733971239,0.682501069906
ZnS,-19.506451285948,16.112350497976,0.164971367882
ZnS,-24.000000000000,1.597503867076,-4.293979288169
ZnS,-0.083019060235,15.346502946674,2.055894405928
ZnS,16.599396248419,-10.316565172140,3.062780388834
ZnS,-8.174212275180,14.461274969382,-5.966974654861
ZnS,-14.357780032657,2.799453214027,-3.132870789111
ZnS,-4.894384473855,-8.729643338634,8.091361378828
ZnS,10.186977463022,-8.661286107864,-13.974388913825
ZnS,19.807012396869,23.453475130890,-13.966799698838
ZnS,-2.196721308645,15.554698737996,2.198021206515
ZnS,6.897162856582,23.946978375559,5.611423852931
ZnS,23.972833566639,-9.656601662010,11.927510090710
ZnS,6.101680071535,18.464790305799,2.424931311585
ZnS,-18.210620901638,13.693204819361,-6.298075657444
ZnS,4.778860982525,-17.188547382076,-0.667992681751
ZnS,20.547011260750,-2.811632803754,13.970861015350
ZnS,20.391540885211,11.884178473405,13.974108766654
ZnS,-23.999819786556,-0.057373577061,13.000284488495
ZnS,17.021019421918,-20.272462480658,-7.592609855772
ZnS,14.392920622272,23.902521608555,3.673097112084
ZnS,-3.236446160339,22.250160955610,-11.964086645437
ZnS,-1.207538403353,-14.864721583325,-4.370848799464
ZnS,-16.072989340298,1.737345774197,-4.037850985600
ZnS,12.722395380493,-24.000000000000,-6.213490620934
ZnS,17.505218555425,-2.182758029742,8.828701480663
ZnS,15.857017878549,11.895006674719,11.873219137277
ZnS,-16.091663732172,14.575538387020,13.733456266936
ZnS,21.392954764096,21.824339722309,-13.910679360765
ZnS,-4.686351924271,21.457574431400,-4.459705006296
ZnS,20.334660120399,8.734838293368,-11.312488565154
ZnS,-22.161525511600,-13.297699164844,-9.678624688257
ZnS,7.464394604827,7.428155702221,-12.621293137204
ZnS,-13.681236140086,-3.298592577874,13.914201228127
ZnS,-16.996020648898,2.551931405388,12.269842007700
ZnS,-9.213390652287,6.862819630370,6.507409253204
ZnS,-15.602503502101,-14.351231009229,12.243805675857
ZnS,6.626503310565,12.018076228239,-13.220064336934
ZnS,16.329182124094,5.983811309595,3.177647661678
ZnS,-19.826627275546,0.843274453058,9.427287324632
ZnS,-14.044664248007,8.875915481467,1.233611873424
ZnS,23.916715096567,24.000000000000,13.923119634024
ZnS,-6.168953951653,-0.042441895695,-7.075209525688
ZnS,-4.258487689053,15.656361755431,-12.260753585674
ZnS,-9.804170383528,24.000000000000,-9.074782029751
ZnS,22.425866614034,17.262577021942,12.696369079610
ZnS,1.913617979824,-24.000000000000,4.209451282440
ZnS,-4.793085781773,-7.639645141803,0.677700034581
ZnS,-24.000000000000,7.076893828961,-5.020552376343
ZnS,3.364918138118,4.576076315201,-1.161355402769
ZnS,24.000000000000,18.839502199095,0.265211125995
ZnS,9.898832804696,3.834040474406,8.068342977031
ZnS,-5.193253146845,-10.181788637209,1.069205988922
ZnS,-16.758263112138,-23.429453689507,-4.021609899831
ZnS,-2.854061494697,-23.644852626800,10.161376078794
ZnS,15.908347038052,9.903204066900,12.205615177927
ZnS,11.646160061851,-14.604072705073,-14.000000000000
ZnS,-3.201808648225,-20.136680928901,11.953001583986
ZnS,24.000000000000,-7.068040816917,4.196171594092
ZnS,15.137790538797,-20.661570665296,-6.974190366865
ZnS,-24.000000000000,-8.180163293037,9.315673261247
ZnS,6.536107225991,16.258487136982,-9.239418802314
ZnS,13.475824082224,3.918700725426,6.748036107071
ZnS,-13.726110711758,-3.778295072566,-0.362409438550
ZnS,10.398532423073,-3.860325428689,14.000000000000
ZnS,-2.564288373662,-24.000000000000,-13.797938867911
ZnS,9.389201201201,19.438042461998,-6.873908018810
ZnS,15.617671581834,18.169728659631,-2.369256272373
ZnS,-19.187323573977,10.674553258072,0.531956808191
ZnS,1.952577286872,19.334469500036,9.245654569017
ZnS,19.986357601639,-21.887653127004,8.485057232134
ZnS,-5.287915400969,-17.098411414597,13.288466903496
ZnS,-6.065782302635,-23.957515029022,-0.746718420664
ZnS,-3.794405524530,0.311204335147,-7.608666394761
ZnS,19.340350513239,-3.708681756008,-6.867524506268
ZnS,-17.424420458916,-1.629093471974,13.032346669533
ZnS,20.672805766055,-14.835874672660,-3.384259769568
ZnS,-12.657404056402,-13.182106041510,-6.723412157723
ZnS,-3.401061462493,-20.468198125064,-6.478023284014
ZnS,-17.051147353919,-20.825957168964,14.000000000000
ZnS,-3.454587761352,-19.007252638050,6.824098474228
ZnS,-24.000000000000,-8.603102046185,-9.910009209890
ZnS,-8.280316919420,16.808935518914,-0.975117735516
ZnS,20.154605661846,1.237534136514,-5.366558085703
ZnS,-16.597785746097,23.749651195713,-12.609452643885
ZnS,-9.879562369131,-5.985933666247,-2.071926835482
ZnS,-18.209084165539,17.272689997784,1.190079485848
ZnS,-10.526641761174,-1.935538598126,-6.157600904570
ZnS,-6.245740122620,-7.604992685489,9.086046635373
ZnS,-11.812293685374,-15.437279174948,3.590188133747
ZnS,-6.922005417245,-20.138377278814,14.000000000000
ZnS,-6.725157924596,-2.644429532644,6.383606575438
ZnS,22.808079576923,22.037056550673,2.278154748904
ZnS,15.665706255101,-23.956472878609,-11.915800168889
ZnS,-18.526361053667,-4.588725078515,1.012645337373
ZnS,-12.724650132817,3.786931026650,5.209554835083
ZnS,-12.320698064510,-2.957586417831,-1.562288299737
ZnS,-0.935176225835,6.396254134742,0.824132334020
ZnS,19.378082433746,-20.616068959180,-13.651489022376
ZnS,-20.928232848243,17.595478056608,-8.760156833403
ZnS,12.628968837832,13.493577967667,-9.827217331216
ZnS,-3.194899660625,18.042610932914,-5.049338351417
ZnS,-5.687460717864,-3.733188656613,7.802228587754
ZnS,-18.389474734710,-23.966068554509,-2.953737390121
ZnS,19.119936151691,22.345481932581,-7.181692248380
ZnS,12.641409152259,0.402802568977,-3.433191278966
ZnS,-12.294645644758,22.502373984990,10.732665897187
ZnS,14.704047288058,-14.406348490657,2.613927613069
ZnS,20.270045411754,22.186775416575,0.635686891803
ZnS,4.824882626422,11.238003690121,1.103518814830
ZnS,15.110997820106,-12.241297772064,-5.813562126597
ZnS,-13.263971387529,-23.956676168761,10.266266770581
ZnS,-7.026028607070,7.347410607159,14.000000000000
ZnS,8.746104950657,-17.462494350845,-3.181185138682
ZnS,1.824247857901,-3.574231946036,13.921177831618
ZnS,-13.445559287728,-21.699681966315,14.000000000000
ZnS,-4.022160447360,12.330718769226,9.667015044647
ZnS,7.402612924907,-0.401999230774,-9.317186625706
ZnS,14.319049400214,-2.134443108870,10.962664140304
ZnS,-15.214610575746,-13.118166782305,13.958883601943
ZnS,-6.091147735757,4.064110431871,13.762369079821
ZnS,-12.420421467045,15.183501764642,13.944858181115
ZnS,16.166819856303,-1.565868347864,-14.000000000000
ZnS,-14.920952904911,-22.949076866749,-1.511688343600
ZnS,-11.539185684360,-22.495742537889,-2.033056307108
ZnS,-3.948465946264,11.723586884791,-3.450571296425
ZnS,1.020536402833,16.115953119330,-13.172742212209
ZnS,-12.517225264285,15.745196750300,7.483930800229
ZnS,-0.423692910791,5.609024619376,-7.956334443004
ZnS,18.375985884301,-14.637955218249,12.284355330549
ZnS,12.742119070986,-2.850412246651,-6.130507623918
ZnS,16.197332367501,-3.895578911433,-9.367365161268
ZnS,3.147329332890,20.386529462444,-8.640603186093
ZnS,-0.120067253098,12.101485484087,0.938108362811
ZnS,-21.962589115436,-22.364453225721,-1.793385504462
ZnS,3.986860543691,-20.930942348155,-6.985654712075
ZnS,17.672568717179,-14.405287244047,6.425969180066
ZnS,20.008238993182,11.669095861778,10.651692687665
ZnS,-16.668316949839,10.321789838530,7.718530762929
ZnS,-17.510411580254,15.171501770543,-14.000000000000
ZnS,-3.306488203693,-0.391300308439,-2.007487871275
ZnS,-6.418583942648,2.457499696342,-2.463893602896
ZnS,7.784177225127,-20.559424523730,-6.341149811386
ZnS,10.527348600722,-20.440249501333,4.710440633174
ZnS,-10.355655551282,21.998032051038,10.475179255914
ZnS,-10.489773299216,12.223937532675,13.989320062212
ZnS,6.379880099189,3.484871119504,7.401261877515
ZnS,-21.788905190056,13.437781970314,-13.940145494171
ZnS,23.518809192274,22.088580149796,-5.720207218656
ZnS,-10.392299314850,16.136933731427,14.000000000000
ZnS,14.043568273338,-15.158430302837,4.947677598303
ZnS,-14.123194321521,-20.540849944333,-13.781986506568
ZnS,-8.715659971410,-15.935429869790,-3.319050363313
ZnS,-19.278160018870,-11.480643569576,-11.519588786091
ZnS,-6.759053740871,-14.193215272375,13.516009283220
ZnS,-13.258529061906,-16.791208052830,3.195626518632
ZnS,-13.086694868161,-23.960693207235,-2.364467484242
ZnS,7.307967324577,-0.112226353165,14.000000000000
ZnS,-24.000000000000,-2.993185832458,-4.856663487953
ZnS,8.508604251542,-20.382578001461,4.668670375711
ZnS,-3.824648517304,-13.250415986198,9.513081267053
ZnS,-17.489451893135,16.009914485644,14.000000000000
ZnS,23.949015084542,-4.179024932961,2.025714592872
ZnS,5.785686620374,2.990915392149,9.267632790812
ZnS,-3.415809383840,-0.132414623565,-9.542643095995
ZnS,-24.000000000000,-14.239576558826,-0.719829842130
ZnS,10.310025612956,0.179094978441,-14.000000000000
ZnS,-9.269635012099,-13.721363865368,12.185424470437
ZnS,-8.390093314342,24.000000000000,0.694273145135
ZnS,21.315955931257,-6.127086471804,12.158954061096
ZnS,-2.893254528099,-5.097150019247,-1.260589620333
ZnS,-13.182341412447,-22.405198847851,-3.733276881401
ZnS,3.915544008745,7.695083306875,-12.031522489148
ZnS,-22.574106956451,-14.707423716627,-4.861024925641
ZnS,12.681801638373,23.975861066223,-9.263482062091
ZnS,1.686730509146,4.643884547846,-2.665898520629
ZnS,-7.858968477201,24.000000000000,11.786398652358
ZnS,-23.996306099822,-22.530990383651,12.065240116848
ZnS,5.890690203715,-7.710246377594,2.199386043641
ZnS,19.922139596261,3.077049136988,-6.168146508848
ZnS,-23.250422554516,-15.034755075553,11.977440679051
ZnS,17.462237176472,11.907618107017,10.533983621314
ZnS,-9.309577841575,8.077065166736,-14.000000000000
ZnS,23.974853724948,12.073189104866,-10.252290730015
ZnS,-2.132556477260,23.748630137298,0.951739378003
ZnS,22.162467062176,11.274767230761,-2.281161426141
ZnS,18.999261452231,8.964099010734,-1.163355494429
ZnS,-11.626930838092,-10.052385628170,-7.369100782582
ZnS,-9.594077353537,23.149957121453,8.498300448437
ZnS,2.540163500023,-19.627136862105,-7.521898430676
ZnS,-17.195752452724,0.585963512368,1.993712063964
ZnS,20.229952826533,12.420156954919,-2.250080188500
ZnS,20.497568853234,10.865079996773,-3.511237011411
ZnS,-23.996484906814,3.996528345885,-7.797564858764
ZnS,3.422212221239,-7.758774530446,12.272070182114
ZnS,-17.467281106424,-4.937110640267,-0.671805202922
ZnS,-18.154129887133,-10.514364374834,2.254013503305
ZnS,-12.684716618174,-7.802235293906,-6.871270034177
ZnS,-24.000000000000,-19.409375930826,-13.536668861195
ZnS,-7.325112036074,-18.280804244550,-11.980263986349
ZnS,19.762956304873,-21.439003580525,-0.723995015316
ZnS,5.765487696627,19.408616242729,4.432643343287
ZnS,6.097636876239,18.218310715827,-8.567678532336
ZnS,-13.534197217423,3.026527001074,14.000000000000
ZnS,-19.317843698893,-9.090975628992,11.003117747403
ZnS,14.417535298284,-19.823920579644,-8.685658901912
ZnS,-24.000000000000,9.735337413484,11.463835256473
ZnS,-24.000000000000,-6.126732426154,14.000000000000
ZnS,-9.104966274888,24.000000000000,-5.296471680602
ZnS,4.772282636977,17.335286152178,-0.533116898776
ZnS,-23.539218148656,-15.719363743906,-2.015324793947
ZnS,1.359807789585,20.766052265541,7.776849302369
ZnS,-19.468359845700,-20.656369553259,-0.839064481757
ZnS,-4.338184331257,-2.890509736898,-12.336524346667
ZnS,0.962241610405,-11.208160950196,-5.447486112605
ZnS,5.818242945804,8.453987886400,-12.008907015834
ZnS,13.636663399425,-6.177591401916,-9.599149107490
ZnS,-2.880631870071,17.115490179708,-11.992206607964
ZnS,-7.272312605342,-3.835642826020,-2.523520553802
ZnS,4.560473384287,-10.608393369435,0.316420211119
ZnS,-5.654997916500,-19.275347437021,-14.000000000000
ZnS,14.383544009224,14.494724304434,2.869116000001
ZnS,16.459122550505,10.031039237876,-10.762067729081
ZnS,-3.978571600321,-2.727901495629,12.485910641197
ZnS,18.478286234551,3.057418117471,-1.070092314605
ZnS,1.467813084846,23.988535239741,-5.945764154475
ZnS,-22.208505714472,-8.187167502320,-3.747713766417
ZnS,-3.690212721402,-8.851576354772,-6.473561041442
ZnS,5.807465991551,14.523655319586,-8.253660596171
ZnS,-23.988309709826,-0.376852828360,-12.153763558636
ZnS,9.607573743760,-8.708833802853,-8.515099084928
ZnS,13.766851703914,-2.762688867616,1.273305390334
ZnS,-12.326287948152,-11.305510747228,-14.000000000000
ZnS,-12.786900321835,-22.218147352661,0.595110948795
ZnS,-23.966262409647,-7.465180498362,-13.701429594610
ZnS,-23.942956325195,-20.532946905658,11.486068677245
ZnS,-12.080025255813,-2.971301535934,12.327123463801
ZnS,3.296435714140,1.822614428399,14.000000000000
ZnS,-24.000000000000,18.929316018098,-3.933331054337
ZnS,-17.944581240043,8.590993649954,-5.165462324092
ZnS,-1.562106707143,-19.842067768175,2.995038180132
ZnS,-8.113506040166,-24.000000000000,-6.922369013576
ZnS,-19.045470077061,-22.159698741657,4.509900682933
ZnS,1.923007385624,11.117818005042,10.903677835817
ZnS,-4.184596591459,23.972949838908,-8.480095744468
ZnS,-8.841071991347,24.000000000000,-7.299158547677
ZnS,0.333698259874,3.175438221307,-2.360340021731
ZnS,18.198508433567,22.761260350457,-2.413230962250
ZnS,-1.744187709535,7.977702452710,10.007013392576
ZnS,7.934719208074,3.898152873340,-7.296631351474
ZnS,-20.210003036359,-11.089018738471,1.671423491861
ZnS,-12.229993057130,-24.000000000000,1.481184389329
ZnS,13.194318257831,3.848592083756,-6.269796733915
ZnS,0.145794343167,18.623993680970,-10.043759692746
ZnS,24.000000000000,-5.152925297073,-10.628179187468
ZnS,20.414145048411,-8.489693305555,-9.490493208148
ZnS,8.759461303201,9.035088249979,-5.735447055380
ZnS,-23.909904072825,-21.518443505028,-13.391038759922
ZnS,-21.855480892953,7.493186849630,5.706987590079
ZnS,-4.218381713982,8.626045946020,-10.685243489648
ZnS,3.896612759885,12.674375641470,-5.506998605841
ZnS,2.670574188285,14.075131414017,-6.291286789013
ZnS,-4.958782743229,23.459366441913,-4.471241156336
ZnS,23.996117792604,-8.235449789704,2.195437417848
ZnS,1.530821912983,-9.545764325612,-4.176126263735
ZnS,13.795548164120,-4.109952589764,6.436797262990
ZnS,13.163537204638,-2.798004083376,3.205168220896
ZnS,6.950302312611,-11.013462875935,13.906445451998
ZnS,-13.137843195416,20.096509501070,10.621546914424
ZnS,10.786711020240,22.428150529930,-8.997221827364
ZnS,1.302526336326,-6.517872899712,6.985384574269
ZnS,-16.815745327329,4.456883649395,11.622495444577
ZnS,16.113106338100,9.450305629976,8.106541015808
ZnS,5.357003878436,19.954705182912,-14.000000000000
ZnS,4.313037016866,9.979803831380,4.465930693542
ZnS,12.955060168343,-18.487668264949,1.079608211980
ZnS,-12.814555583726,-2.983611250705,10.445445139803
ZnS,15.718499765172,-13.263467651647,3.934953491405
ZnS,20.390417470494,22.001856064254,13.928503820052
ZnS,11.324246610642,14.110012529223,10.866137110823
ZnS,1.240121479344,-2.154919709347,7.301424169362
ZnS,9.815981867747,24.000000000000,-9.814151240122
ZnS,-22.365356220294,2.244756644915,-13.994700338776
ZnS,-6.943705700555,-9.504103270019,-2.493508032138
ZnS,22.429142082863,18.257849337217,8.908070775541
ZnS,-17.061502040852,22.024929783963,-4.477994569452
ZnS,24.000000000000,8.214521281732,14.000000000000
ZnS,-16.124079889197,-1.808939413289,-0.075312870211
ZnS,-0.279963190381,5.090451802896,-2.551493914146
ZnS,-22.539637312346,23.903308937760,-10.670791513335
ZnS,-9.936933016165,8.959928347540,-5.030333199683
ZnS,-9.071877000716,1.301639525619,13.439202370557
ZnS,20.093375736143,-23.903314069765,8.574113750369
ZnS,1.304610297209,16.423979992831,3.052853662685
ZnS,-9.966991796130,-6.772844149819,11.731664750576
ZnS,8.902635934817,13.912827891713,5.855087595110
ZnS,23.991270782545,-1.818258443948,0.471277886603
ZnS,11.075108554917,1.884759253480,9.059569691704
ZnS,10.533788906093,10.935214058945,-0.250114836513
ZnS,14.225094578166,0.649382997698,-5.388251768268
ZnS,16.655420394107,-23.991325875019,-10.153190621316
ZnS,4.843463205780,-4.093432251070,-6.680602240139
ZnS,8.766605554648,-8.435613621316,12.298344573233
ZnS,13.761269303999,-12.019945499121,-0.180279013312
ZnS,-14.840493497506,-2.701419881632,10.193135651564
ZnS,14.336538204837,1.003345320687,10.691509467691
ZnS,-15.658586435076,-16.585813351705,13.167208900137
ZnS,0.516042047761,15.728750518652,4.777735031977
ZnS,-19.661647981974,16.147506265691,-9.376225053681
ZnS,-9.923570239691,14.177344114628,13.856120401912
ZnS,8.204882600717,14.838024350823,14.000000000000
ZnS,-5.302724304207,-22.116044963024,13.978803312478
ZnS,1.288255135072,13.112415306570,10.359384751079
ZnS,-10.902479709533,-22.179109334559,14.000000000000
ZnS,8.233873510778,-3.526372538083,-8.231707938219
ZnS,-19.023990845909,-0.385874714950,7.939471700418
ZnS,-5.077177439726,-16.321362534868,-2.274250094535
ZnS,-1.496101043608,10.702009405969,1.661243045617
ZnS,8.603055109642,-23.933399729587,3.450818730138
ZnS,19.693161229495,1.034638450339,1.301150766909
ZnS,-23.995197076959,11.731335564659,-3.646691050627
ZnS,12.351056582958,0.479477383003,1.324141705781
ZnS,19.989257861802,15.471565731578,1.207682266764
ZnS,-1.130749998881,3.045850194279,2.781959379792
ZnS,-20.840253742340,23.887088662659,-11.762685070863
ZnS,-17.273653773613,-16.543583662674,7.080911915424
ZnS,-15.118299504895,23.324486630523,-13.985229826412
ZnS,12.876976674692,9.117237690130,-2.721724454833
ZnS,9.236425680837,24.000000000000,1.082228333021
ZnS,-4.069295383786,-15.311552468007,8.219282486353
ZnS,-7.617367556503,-16.574691514208,3.402556760137
ZnS,15.457920745848,15.925782626678,-7.292479976987
ZnS,-7.616182325697,14.743883668751,13.458366915982
ZnS,-16.133101678719,-23.905551468835,5.438737207651
ZnS,-2.458545961058,1.469790027202,-1.920498748814
ZnS,8.614114779653,-15.923086650312,-1.863083131521
ZnS,18.516919224811,24.000000000000,10.411323974361
ZnS,-22.199330495423,-4.636610100478,-7.633076588779
ZnS,14.624535498980,-1.202824915877,2.228084288302
ZnS,-9.312886822370,12.139431893068,-14.000000000000
ZnS,24.000000000000,0.161971145742,-14.000000000000
ZnS,8.763402356933,-18.429023833469,1.303416579102
ZnS,-6.161693707991,-3.640752211737,3.904493208707
ZnS,11.178895915571,-24.000000000000,-7.516566308945
ZnS,-11.826457144944,-20.000019152033,-4.817662766947
ZnS,16.957910946169,10.362600811800,-3.736529731944
ZnS,-3.024565324270,-2.416244052040,-1.113492259259
ZnS,-13.286763687787,0.922328891735,9.236971790504
ZnS,13.668536649296,17.878887143737,-14.000000000000
ZnS,-13.723496932617,-19.306892562053,-12.174915089379
ZnS,8.502253169612,0.906148355378,-10.394192103666
ZnS,7.465659700223,19.520953338301,5.667050616337
ZnS,-9.462271122114,-22.185123933654,5.659583074226
ZnS,14.907425241299,-8.907539571573,9.444104197593
ZnS,10.053916198925,-18.298868443747,-4.474354438962
ZnS,9.366855060834,-8.146696687067,0.843068988185
ZnS,-19.808284669215,8.140341531830,-5.801009529554
ZnS,-18.906611442775,-10.355314822527,9.482350613496
ZnS,1.581586439773,19.176108019940,-0.799159845067
ZnS,3.133661329698,-24.000000000000,-0.171362261602
ZnS,4.728299393438,11.923851630671,4.107273716673
ZnS,-18.890386739442,-17.793826757849,-9.186582824314
ZnS,-20.400877857724,4.612735332344,-12.139377106288
ZnS,15.444257104525,-17.396617631551,-2.962893364923
ZnS,0.919200450836,4.374434128148,9.641472230256
ZnS,16.888447394262,4.323658014139,4.320258731131
ZnS,-6.429982139117,-4.296306825080,-0.746256424236
ZnS,-7.924229595585,8.401228198482,6.273388297463
ZnS,17.766412276836,-22.053406340325,12.246574100768
ZnS,-18.283884862700,7.106650185391,6.437659337074
ZnS,22.384828751765,23.950822979243,-8.330353947446
ZnS,7.797216148615,6.663723473592,7.681410663049
ZnS,14.921018607892,-24.000000000000,10.910608847435
ZnS,6.538428833765,-16.256746947844,-1.008681182047
ZnS,4.565759487802,3.710780046701,-12.351460406415
ZnS,-3.528814071064,-24.000000000000,3.895833961505
ZnS,-6.629207144211,-8.596741085542,0.726338481811
ZnS,-2.418433538895,11.930455073763,-4.753109295577
ZnS,-3.162561775428,-19.313400952613,-8.118129933614
ZnS,4.652242043390,14.300332677884,-6.611715509445
ZnS,7.590881181930,-17.447697691370,14.000000000000
ZnS,0.617368827250,23.987248381776,-13.980694585971
ZnS,-7.266559127632,9.524648296536,0.253040112000
ZnS,-0.924513349683,-0.376478854415,-10.075885537498
ZnS,-12.175279100311,-23.755990741189,13.985376911188
ZnS,10.132652209444,-22.307338817853,-7.863939477823
ZnS,23.881220860036,17.934984754668,14.000000000000
ZnS,-20.241159137339,-3.257290181702,-12.033366135013
ZnS,-3.964966842069,23.991664493562,2.184920524150
ZnS,7.047490074468,-11.202975602502,3.393494128848
ZnS,7.655672438583,-1.576365866826,-3.250167021600
ZnS,-11.219813641611,-17.831634335732,8.189007899835
ZnS,-1.257353609049,-1.777867136660,13.761037025343
ZnS,-15.948137493589,20.353943322557,0.253095997708
ZnS,-17.962381274239,-12.040721036783,-5.999153947471
ZnS,4.976619710662,21.715937150381,-9.402072341752
ZnS,5.060992124333,-3.292733060018,6.966803935147
ZnS,-3.653393332967,14.347301844064,-10.718869773616
ZnS,19.986750845930,-17.920902705042,0.426826654409
ZnS,-16.613961804396,-18.102184597641,-4.351996507874
ZnS,13.384874741756,13.802930318694,1.041423414758
ZnS,24.000000000000,22.415149649588,-3.785728571962
ZnS,16.574311774194,8.035645739610,6.393510662503
ZnS,2.070387448404,-22.140869609611,-9.648188705386
ZnS,1.148637903466,-14.096797068711,14.000000000000
ZnS,17.991390488594,-22.320285661404,-0.317428453527
ZnS,11.941330283693,-24.000000000000,5.115948094333
ZnS,-16.127365187517,-1.943807834433,3.038234663509
ZnS,13.048221798442,-12.720574648091,9.559682073385
ZnS,16.808003589844,14.530857477195,-5.669168677858
ZnS,24.000000000000,7.567114921931,-9.418473483611
ZnS,-19.319232005071,-24.000000000000,2.686881641929
ZnS,-4.280036814550,12.959304741085,-14.000000000000
ZnS,19.107820966445,-7.195574708492,-14.000000000000
ZnS,-13.198116539230,12.624293525291,-4.778515374841
ZnS,-21.835274267832,-23.975745894382,-5.173152040749
ZnS,-7.176648571453,-12.966751663342,2.629906047846
ZnS,4.863164138526,21.249056826406,13.893152678850
ZnS,-11.710107330071,10.241891970714,-13.978958539160
ZnS,-0.211537048772,-1.527421855453,-12.395205566145
ZnS,-18.849584934967,-1.086875238777,0.200927011190
ZnS,-15.623105705312,-8.959693951246,10.392632944689
ZnS,18.336048590134,1.231404444520,-12.112273606114
ZnS,-24.000000000000,2.719204125087,-6.232691847879
ZnS,1.510578084022,22.055204011755,6.229026591146
ZnS,-23.779584823682,-3.240230404600,4.047319915686
ZnS,18.855595906223,12.357228013601,9.142293251960
ZnS,9.256575855008,-7.463661912075,14.000000000000
ZnS,13.231883352442,15.643191694722,4.457159202612
ZnS,17.983925020160,-24.000000000000,13.483178630042
ZnS,5.704008654588,23.723528661809,-9.972015740069
ZnS,-1.893788004331,-15.353508812504,-14.000000000000
ZnS,19.914889411920,10.653262926465,8.908199432997
ZnS,15.853849063828,-4.199899085372,5.936705659643
ZnS,-3.552442587707,15.133473595436,-8.779613059199
ZnS,8.366936080137,16.035580263533,-6.066679155893
ZnS,-14.782503012570,7.959126483708,-2.103375566838
ZnS,22.091998585126,6.157140195424,4.062112593407
ZnS,-6.921951243494,-16.147598322670,14.000000000000
ZnS,22.357475637136,-1.086298252726,7.605712289024
ZnS,16.421100524671,1.394065807739,14.000000000000
ZnS,-0.593113133837,13.267680555667,9.640539040701
ZnS,17.477597560151,-8.857966506691,9.802146273399
ZnS,18.697438121226,-19.361047381308,14.000000000000
ZnS,-1.026890351644,13.825527006884,-10.741287374034
ZnS,-23.945638266041,-23.595429670305,-4.002231608288
ZnS,-16.784454709652,8.519863327063,4.995181676299
ZnS,-21.032275370698,-5.109406220074,-12.188931348227
ZnS,24.000000000000,-5.192357873506,-5.619337075303
ZnS,-13.196899300821,-2.038627270727,-14.000000000000
ZnS,3.118168971350,-3.748009292415,-14.000000000000
ZnS,-7.359714998006,-16.690722640615,5.937970696485
ZnS,13.004908530456,11.867749793094,-13.137309947677
ZnS,20.769915973463,-0.347713107376,8.612958545633
ZnS,-11.107380733070,17.693612750547,-9.227104011153
ZnS,22.301071492806,10.787478698288,-10.216443747956
ZnS,-6.781446798985,-23.720076614347,10.668188407032
ZnS,-10.874731194082,8.742528976339,3.500142578891
ZnS,-17.843555036710,2.420065447854,0.969911011356
ZnS,-13.358142079959,-2.444856792506,5.245699112667
ZnS,23.961269662870,22.449519476853,-1.044751628459
ZnS,-18.403587900921,16.264263733802,12.216727522788
ZnS,19.146011755820,-17.778612995474,-1.887735143971
ZnS,22.605153197135,-11.888446371471,4.070040336571
ZnS,-16.722013486370,-18.109349311345,13.959901009863
ZnS,-5.752260445753,2.240547122563,-0.455873222707
ZnS,-16.702236205527,19.867126786913,2.063434979621
ZnS,-24.000000000000,9.680209542158,-5.972307079106
ZnS,-10.156774928362,-13.747724636020,14.000000000000
ZnS,15.236144593602,-8.737199358704,-11.979644379268
ZnS,-21.995696910435,-13.480200037578,12.285840710951
ZnS,23.979944012602,-9.396193737930,6.465514305653
ZnS,-15.591565149393,-1.004252929319,9.386233268382
ZnS,-24.000000000000,-20.369852201010,-3.643062564040
ZnS,4.425205254030,6.303662313327,-2.712477797374
ZnS,-22.357566892393,-16.668849122897,-5.292671680624
ZnS,3.687934392825,10.677628241869,2.676326664362
ZnS,-1.326016193014,-23.935993962102,-3.941978741946
ZnS,17.249684904866,12.048739309260,-2.342272199716
ZnS,-10.591407501506,-14.615436496310,-5.723835643591
ZnS,4.278737880721,10.167846857905,7.489782666158
ZnS,-11.439070773498,-4.469947894574,0.766784748758
ZnS,-12.155837680821,-20.993815171997,4.190928130630
ZnS,13.315227933042,11.387385929953,-9.157711704695
ZnS,-18.107843521953,-16.736669927639,-0.572414133569
ZnS,-4.557233381507,23.847716991525,-6.498717926002
ZnS,17.021363448497,6.444550597190,-6.153102934013
ZnS,7.006840067025,-18.112549347314,-3.976663282222
ZnS,10.605772797202,-6.543510158725,9.362164945671
ZnS,20.001994734236,-8.184939174790,6.759143762937
ZnS,18.561352319374,23.051734096460,14.000000000000
ZnS,8.365030831719,9.699699513454,-13.981374171788
ZnS,-1.459935389348,16.286009222922,14.000000000000
ZnS,-12.825348553279,-13.444496651141,-8.719243751900
ZnS,1.194046328428,12.399093773509,12.287695983109
ZnS,11.562517898586,-7.379877519525,3.417885205082
ZnS,-17.877608976475,9.073198914955,6.656807209068
ZnS,11.526790193112,-14.161181292618,9.001297234334
ZnS,-3.533673848180,22.494425182657,-9.776739978098
ZnS,19.327644490848,20.498439419163,-8.157246730919
ZnS,24.000000000000,8.072189756942,-5.279179555309
ZnS,-0.318172208614,11.854407619109,14.000000000000
ZnS,-23.912661420355,-13.636259930634,-11.968782723818
ZnS,8.926846640672,24.000000000000,-14.000000000000
ZnS,-18.248359392372,20.128659247329,12.987975384420
ZnS,-8.427866338923,14.600388429467,4.763386317278
ZnS,-2.169158106489,23.887265411703,-11.453024113210
ZnS,20.954367350510,8.498192468726,-0.961138339018
ZnS,-6.388252821636,-14.672581959038,-11.990332574473
ZnS,-1.001977075042,-24.000000000000,10.885290781969
ZnS,10.037626319774,3.533371535206,2.183566284010
ZnS,17.619420003061,21.500544055110,3.409098242657
ZnS,-8.857864893436,1.675556130137,-8.876223721021
ZnS,-24.000000000000,-15.729984480528,3.167366140552
ZnS,-5.476246771761,-7.676643931400,-9.239538005975
ZnS,1.427660937496,4.290230529185,-0.665647347051
ZnS,-7.583265519307,-13.261524380994,5.463823030912
ZnS,-0.528550003947,9.561964557650,6.217122121971
ZnS,-0.867807284948,3.571221215023,10.673650478644
ZnS,-13.838992017209,4.622547303397,8.210134814668
ZnS,-17.634784112750,4.783929095565,-4.032839091842
ZnS,6.331315097227,-4.822962389749,-13.602240539189
ZnS,6.347113203555,-6.726511116005,7.780862567108
ZnS,-6.513432241626,-2.490655557751,12.301429736771
ZnS,-17.761857366986,19.296367366027,11.212341320392
ZnS,-18.095216065636,4.633753276111,-2.071757836657
ZnS,-11.350474863256,5.238996918932,-1.725992919681
ZnS,21.778787320965,23.954415920164,-13.952791579707
ZnS,-23.776147886533,24.000000000000,-5.686546251115
ZnS,13.631541418039,-17.712625637285,-9.016206064582
ZnS,14.544930366655,-3.431780890697,-13.975201405740
ZnS,-18.959505087875,24.000000000000,-6.877816432321
ZnS,-12.799873367722,23.993958983130,-8.500702504056
ZnS,-11.363606759229,-2.080486843097,13.995246512152
ZnS,10.171271518607,22.015839647036,7.538077672448
ZnS,-5.694972322674,-4.439585661795,-3.631514460510
ZnS,-20.437688692584,-14.868634601678,-13.901532476490
ZnS,6.698159663467,-3.846536203578,-4.721093657338
ZnS,-1.504304615947,8.712729917049,-3.779969940827
ZnS,-2.820895645130,-10.739591676702,6.730057585591
ZnS,-13.280392178367,9.182954521605,9.597461436154
ZnS,22.155653749124,18.448568798462,-14.000000000000
ZnS,2.947397720257,-7.897133105550,-6.646504181608
ZnS,-13.897869814573,11.488861484437,9.770117821821
ZnS,4.824816076381,8.366888288074,5.569098875153
ZnS,-23.486329406889,12.183064258285,-14.000000000000
ZnS,-20.619682773378,-3.905456359689,14.000000000000
ZnS,-17.679444938248,-23.900120602373,1.511500476123
ZnS,-15.840188446002,17.190296780590,9.186872243238
ZnS,3.832769719015,23.759056858556,-9.212014681514
ZnS,-24.000000000000,-13.108104161162,12.375183654242
ZnS,-15.327977848535,5.667531438688,-4.711213696568
ZnS,24.000000000000,23.577292316335,2.814250677831
ZnS,-22.008351740409,-13.602253575974,-14.000000000000
ZnS,-18.419523474006,-23.996222517090,-5.028096959942
ZnS,-14.318444102259,-10.577786014539,3.417506368020
ZnS,20.815284441921,-12.842550318671,-3.089715321424
ZnS,-2.752667161663,-10.531805784741,14.000000000000
ZnS,17.520166213755,-11.352649973329,-0.789470352513
ZnS,13.214371011087,12.975437892919,-7.906607406282
ZnS,19.121283357381,-11.409314593222,0.441851387054
ZnS,22.369697006082,9.500270188557,-12.012763871475
ZnS,-20.423759212031,15.234231711408,14.000000000000
ZnS,15.084800770851,4.261211467116,-0.163049945072
ZnS,-10.503786330340,3.676961018461,-2.687009274877
ZnS,-2.625487955296,8.592237509612,-6.801875311767
ZnS,19.871661092099,0.235266258996,6.459610703824
ZnS,0.796854213944,14.049187652059,-7.877492446903
ZnS,6.480938209358,4.991736926814,8.782685839797
ZnS,22.783632409230,-5.231379590593,6.501228708745
ZnS,-15.875581907793,-15.607058907449,5.963452358653
ZnS,-4.346973070448,17.697915163990,10.823128227938
ZnS,-7.974954493486,-2.162802051629,4.871507945353
ZnS,-15.846630544294,17.601456113271,-8.449976075091
ZnS,-23.876786384074,10.108139121904,-9.650096282686
ZnS,7.231455193161,17.642426255205,-5.605425726525
ZnS,-17.555192522497,-11.859771269410,-7.969396052609
ZnS,-24.000000000000,1.308990052718,-7.868701032267
ZnS,0.061541515825,11.021560633840,-2.215821756807
ZnS,4.722685719665,19.576233661524,-0.244389454468
ZnS,16.326341089364,-23.998703551652,-7.756236428058
ZnS,23.630322672454,-3.310574417074,-8.973673833090
ZnS,0.859811505010,-7.195067653086,-10.522028126934
ZnS,7.337796126129,-2.132005889213,14.000000000000
ZnS,-20.343882048984,-9.176364162390,-3.423383182781
ZnS,-11.818246605184,-23.938361541283,-6.069728040280
ZnS,-15.596027546247,17.208947509922,-12.236517306015
ZnS,-22.333638698063,-20.359290025904,-12.888893815313
ZnS,-1.142297501470,-11.900593999388,-9.065660946485
ZnS,-10.607257517831,18.870541319859,8.746133997634
ZnS,-6.275756938936,7.635338929326,-0.048376394496
ZnS,-4.504822901324,5.812223364391,14.000000000000
ZnS,-7.276355770171,18.005900191324,0.511658834579
ZnS,-9.310961893690,10.796133886774,-3.845988030696
ZnS,24.000000000000,9.019394542793,3.824531003616
ZnS,-19.839945055243,21.998519204496,-14.000000000000
ZnS,-17.102745962481,-10.354484205619,-13.968903967086
ZnS,7.477402495404,-3.418784673251,3.395095598466
ZnS,-23.949682724452,-4.463066199107,-1.279193970755
ZnS,-1.090033290411,7.198562847930,7.657934887810
ZnS,-16.692664800866,-0.303536080202,-4.204960039091
ZnS,-20.079524594639,12.287986462498,-0.293388578921
ZnS,-9.762567311117,-19.019047617625,9.061797350331
ZnS,-21.994529410384,-23.984081184321,-13.705482671790
ZnS,15.814586354161,2.580860389657,0.791948645947
ZnS,14.628042709684,-4.184324873789,3.087958053022
ZnS,-5.379037650631,-5.722796929506,7.965732170961
ZnS,1.251358974471,-2.980512018172,-13.920213591451
ZnS,8.437547811998,-6.007965076692,12.011386280006
ZnS,-3.862921128046,-18.544230977278,4.800764659671
ZnS,23.930689157608,-22.461503386249,-7.951773452248
ZnS,16.626726979742,-15.034509356730,13.213460604833
ZnS,9.046599229947,-8.443787872780,-6.564677751996
ZnS,-24.000000000000,5.021455868115,9.247687404504
ZnS,-11.546777456797,-13.168987863321,-13.985301733588
ZnS,17.053011956670,13.940446860013,10.444815096429
ZnS,23.974407991281,17.098661703615,-9.653575857493
ZnS,10.307853654436,6.122296360342,-14.000000000000
ZnS,20.954633068260,-21.895271500589,-13.927332689866
ZnS,-21.933803499452,-7.322664071141,-14.000000000000
ZnS,8.517244265171,-7.911694733638,-3.528096489811
ZnS,-8.410500308420,-9.754886013648,-8.745493836634
ZnS,-13.004474583951,2.661797744191,-9.289584687295
ZnS,-7.538811822066,11.456916680931,2.067372179743
ZnS,10.573227440407,2.982001532080,4.970667151373
ZnS,18.173969413741,-0.298579327269,9.116872845363
ZnS,9.432639439857,24.000000000000,4.156423123418
ZnS,1.445006635108,-7.348868303863,12.327137136373
ZnS,0.774665653611,4.008805047338,7.660102810035
ZnS,-12.778347552739,-17.064940719164,-7.222818385917
ZnS,14.794655272020,-4.871052420088,-8.186751372914
ZnS,-14.573167634529,-15.081565573851,13.966899224819
ZnS,5.002454616771,-3.020090577134,-14.000000000000
ZnS,-4.923024346059,-20.102809864534,-0.229141209123
ZnS,20.152710989271,-14.834190753357,11.343537766037
ZnS,-14.903926163195,-24.000000000000,-3.245671594587
ZnS,7.345089939785,-7.493414805935,3.584342660002
ZnS,0.446277927827,-8.137178610214,13.896056232620
ZnS,10.674917873704,-12.476224827895,-9.532677900552
ZnS,20.196583814068,-18.055523667116,2.432152598701
ZnS,15.053678038470,-15.139214704747,-1.386123283708
ZnS,-10.815174776260,2.950261719951,-9.605899861030
ZnS,-6.930387588346,12.472199503210,-6.474419688893
ZnS,-22.616161455503,10.685619924632,-4.897804730343
ZnS,-9.904314468401,21.939318632479,13.973395509429
ZnS,-23.991318218305,-12.578504349964,-4.357447517055
ZnS,-11.780190514875,4.265633651430,13.927752565753
ZnS,5.053674887264,24.000000000000,-5.084558133043
ZnS,-4.852541462512,13.726096711241,-12.221050446724
ZnS,18.634295551614,20.972229954079,13.833074057069
ZnS,-2.598421467110,-6.982081269457,10.272100071569
ZnS,19.127938738925,14.774107978344,2.906922773455
ZnS,-11.255650644569,-1.425634531222,-13.952813122243
ZnS,-9.401656896460,-3.921145025191,-2.292980513891
ZnS,-2.597761579826,11.540827967198,-0.873176767293
ZnS,-4.883241617514,-17.382780747826,-13.972789758856
ZnS,-5.739251227849,12.397675674770,6.954285809008
ZnS,-3.689261269152,16.818173773628,14.000000000000
ZnS,11.214345731441,-20.355507903062,-1.725228334414
ZnS,5.624524144576,-17.831499053785,-13.814335606552
ZnS,20.514058586702,-23.975630564769,10.613000960576
ZnS,-12.314928700835,-15.327962000287,-9.241190961997
ZnS,-0.503770587915,4.871440348233,-0.555343886662
ZnS,7.692474396991,24.000000000000,-10.195547134176
ZnS,18.600855397278,0.562998613488,-14.000000000000
ZnS,6.270735805508,-19.202582941754,12.135273044797
ZnS,-7.777163972668,18.121786118060,-9.393246444009
ZnS,7.421561445724,11.291974755534,13.825291276603
ZnS,7.895001709383,1.557335650279,-12.921047646893
ZnS,19.745244761996,-6.273248883580,-2.901520335733
ZnS,-6.882580875674,21.927476112543,-13.970588645340
ZnS,-23.857580979544,-17.913180352904,-5.858042823642
ZnS,-2.441408448800,13.484391588747,-0.285078866921
ZnS,3.159292126164,-1.619143322012,7.633278493866
ZnS,-7.983621811930,23.088585357953,-8.884875549712
ZnS,-20.788639665352,-13.717381106329,-8.257550706462
ZnS,14.129839768621,-17.893113236837,-5.123692984531
ZnS,17.015533416396,-15.321301017973,10.956551675041
ZnS,-12.430879620983,22.037087172360,-8.161731527151
ZnS,-11.107338190354,-18.112544992056,-4.844277703281
ZnS,17.175015961059,-12.465465751226,7.576509080899
ZnS,-6.903322156506,-3.512049128039,14.000000000000
ZnS,-13.976675802226,-5.430359201745,-11.706653198389
ZnS,3.906117429182,4.235109376711,3.844867096989
ZnS,18.157655269675,-3.029426346527,4.163145682919
ZnS,24.000000000000,-0.913705916303,-1.334852919237
ZnS,-18.841441954688,-5.468255924817,-9.212308840211
ZnS,19.900941017939,6.260002713417,12.148078591504
ZnS,-17.144523833398,-1.015185256033,10.776299948401
ZnS,-15.343335895104,8.705640765036,13.958981614672
ZnS,-5.191567934655,-6.487658699866,-5.789626069308
ZnS,24.000000000000,2.309176221179,-10.776941259262
ZnS,19.013168916333,16.756246713876,-4.260686582315
ZnS,-11.576804565607,-13.018922033351,-4.975147824143
ZnS,-17.356602330691,-24.000000000000,-6.749269575795
ZnS,-20.398167499539,-9.472674852355,2.898212881766
ZnS,18.271727012053,11.840987568934,14.000000000000
ZnS,22.220469745149,-15.288976722020,12.239686455799
ZnS,10.842972579100,-18.760763910513,1.317889725699
ZnS,11.954978700495,15.152086586075,8.744641837021
ZnS,2.444201541288,-18.367601655226,4.266123323033
ZnS,3.023689960739,9.825357084789,-3.876514126971
ZnS,-18.897060298707,23.976252547737,-8.897261762035
ZnS,-20.267704020505,-18.011470694536,-14.000000000000
ZnS,-23.854519094248,12.865590978911,-1.685544572589
ZnS,5.946276106044,-16.712605591354,-4.992820216251
ZnS,8.276970529689,-1.108545045251,1.053620466331
ZnS,-22.158455134209,-20.019954882706,-6.605991368040
ZnS,22.246639124475,22.222509393196,-7.283551781188
ZnS,-8.756655611133,10.850070930433,0.574390754707
ZnS,-19.108520083471,10.402689201155,7.549954849925
ZnS,-6.542322171844,1.668546064991,7.502521597950
ZnS,8.664620161852,18.749007201514,13.986478180622
ZnS,-22.085726354555,-14.022797133854,-6.697644192019
ZnS,10.079023711854,-3.299329743264,-9.926027591910
ZnS,17.358960750999,-10.888584698766,1.280575484331
ZnS,-0.214034576537,-1.372992410782,11.888780608899
ZnS,-20.907914480045,6.424845738798,4.278294470260
ZnS,-17.736734338911,21.800318351090,14.000000000000
ZnS,20.387636076269,19.983123878982,14.000000000000
ZnS,17.776802775623,5.548135172751,5.658869907231
ZnS,16.686468841966,-22.540581372379,14.000000000000
ZnS,-17.493533994363,-20.506571538288,-1.268703468863
ZnS,-6.272838827150,-13.227299214148,7.000705423647
ZnS,-11.551798219493,24.000000000000,-10.088994587883
ZnS,-6.500267723883,-9.765696440510,14.000000000000
ZnS,-24.000000000000,6.582680801261,4.114841329488
ZnS,15.721304023175,17.654839032162,1.354860457183
ZnS,-3.455882325579,-7.561877633374,-1.275973829693
ZnS,-23.976089654455,-15.146780564941,9.065854551611
ZnS,9.934443962998,22.188457941575,-4.296154844075
ZnS,-2.352718285909,-14.687551441985,1.540328656620
ZnS,-13.176645537264,-17.151113423934,-9.359354753112
ZnS,12.159135357867,-22.214993306338,-1.453098094788
ZnS,2.512754217532,-9.923956020746,-5.900417237400
ZnS,-4.172657810646,-16.360584004945,-12.130172361975
ZnS,3.878016061388,2.794147177766,5.267259459739
ZnS,0.770023376375,2.373171260461,2.659636163068
ZnS,15.191041152111,16.135224774320,4.455619366171
ZnS,-12.162510705380,13.982535610669,-1.530300236538
ZnS,-12.398935951727,-6.580681414679,-12.224239352565
ZnS,19.135163393314,-6.280628772093,12.306324748386
ZnS,4.015462334267,0.659353008445,-9.128023068589
ZnS,-1.696505718144,19.047463860452,-4.106775241783
ZnS,-16.913904519638,-1.789511381983,5.673143392259
ZnS,-20.784110483527,-19.877958404375,-8.346071099344
ZnS,-10.917183984469,20.540402532292,-7.119862382671
ZnS,5.651238613218,5.215937710085,3.574815778051
ZnS,0.744675681004,17.455531608436,10.966553909025
ZnS,-23.148997705554,-18.710885421474,11.907937826665
ZnS,11.358496868456,-13.835538914646,7.014767712257
ZnS,-22.231048476834,10.870249623964,-8.693867836902
ZnS,13.633217234281,-15.689863308588,-5.477363553019
ZnS,-17.992923844666,-24.000000000000,8.738196834227
ZnS,8.546575964909,17.636688948633,-1.906994975969
ZnS,-4.976161009418,-2.906693208116,-0.937047752868
ZnS,11.736089036964,-15.960518482536,-9.533651332323
ZnS,-11.220380833940,20.336676611607,14.000000000000
ZnS,-15.429173110499,-22.009006188725,13.776405711172
ZnS,-19.376125009881,9.169699100285,-2.738418688126
ZnS,9.810465453302,-21.912604062373,-10.051982841151
ZnS,10.567423041883,-5.935231103298,2.267291534158
ZnS,20.731425331869,23.583829861102,-7.147078595995
ZnS,-11.979107271623,-5.609308371065,-14.000000000000
ZnS,-11.534894447540,-9.057712551510,-5.613380245170
ZnS,0.463935293855,-24.000000000000,2.790929422764
ZnS,-12.718386179249,8.494572517430,-13.875768661090
ZnS,-22.737022777411,-6.114177184179,-12.594726193501
ZnS,-0.837682304401,-3.398306432038,10.107238670852
ZnS,13.922960691034,-5.137415226126,10.192133770283
ZnS,-10.510028855603,16.184118365241,-1.864325064332
ZnS,8.448672299478,-16.675063861002,-9.970113122806
ZnS,16.747629494596,23.949910002311,14.000000000000
ZnS,19.164771778935,-1.421580222878,-14.000000000000
ZnS,9.415525631080,-23.958167900096,5.809451814191
ZnS,10.758079554526,-11.120108161289,13.912349720366
ZnS,2.811376392732,12.701153957215,-14.000000000000
ZnS,9.256422744293,-17.217812056930,8.425174542632
ZnS,17.743976226772,2.515181733244,-13.977032585673
ZnS,12.938023296319,-20.009897612677,-10.048322782172
ZnS,-21.717062211438,22.192925918244,4.925504561542
ZnS,4.518371235750,0.882532038765,12.259193288797
ZnS,17.465915920165,-2.295813861240,12.510208545753
ZnS,-14.853400348567,19.077638328177,-9.406417218036
ZnS,-2.927127788958,-4.333987372524,1.797028073971
ZnS,4.019228106508,4.176198139558,1.828897500542
ZnS,24.000000000000,-0.260753936718,2.328642194095
ZnS,-23.744263494076,-0.252106122306,5.986264719436
ZnS,-17.027663281362,19.796448432454,-1.360664281561
ZnS,3.635621587744,7.850708781098,-4.174471922993
ZnS,5.782079309873,-20.292369000822,-6.314973883834
ZnS,-18.988072868416,10.783980031705,-1.583387433103
ZnS,-16.650027115711,20.037292291776,-4.401147697848
ZnS,23.852651719821,19.375738438234,6.705176540148
ZnS,14.502448230991,24.000000000000,-13.972960643337
ZnS,15.093868839534,-13.979947799281,14.000000000000
ZnS,22.091221221706,-13.766966045611,-6.614930010787
ZnS,-11.817391895035,-4.072622076623,14.000000000000
ZnS,12.981254884389,4.441354284222,-0.331981302827
ZnS,7.095116154637,-3.418777622153,6.914806111157
ZnS,-8.129058428661,10.227307916236,-1.460643002048
ZnS,-4.162964554332,-24.000000000000,-11.660509040936
ZnS,9.001411444293,-7.236785789520,10.510155300179
ZnS,16.324577423528,11.524232424752,-12.115829760073
ZnS,19.185305081522,-13.219432992536,9.734453643920
ZnS,-6.181794289591,11.749383621972,8.825887674444
ZnS,6.717852185488,14.881992639075,-6.240335405036
ZnS,7.958736297324,13.291388063813,-7.112203011123
ZnS,22.057210065343,1.510448001075,-5.987858681904
ZnS,1.883517374198,14.694048480912,2.020781175494
ZnS,5.439912822739,-14.866582027843,-6.111589096707
ZnS,17.771933721122,0.587946048747,7.291751826662
ZnS,-21.322078668507,-17.790858333210,-3.970076703946
ZnS,9.227106563441,9.360499759710,3.198379938960
ZnS,-0.464151890831,16.824138106623,6.203224564132
ZnS,-1.704179161050,-16.259919556301,2.778915490911
ZnS,0.403550566418,-23.826256238312,13.960045918360
ZnS,24.000000000000,2.398964840185,-8.359075403497
ZnS,20.297898505221,8.596890502807,-2.986259812039
ZnS,7.348340882275,-16.298489370082,9.404772983237
ZnS,18.622047271446,-15.906652875543,13.941146168548
ZnS,-13.913001161344,24.000000000000,-12.511683908840
ZnS,-15.787991739476,-10.743461910026,13.949445579474
ZnS,-10.472036797487,-0.042033991292,14.000000000000
ZnS,13.680066869502,-4.128207136215,8.459245744968
ZnS,10.699615393166,14.334931181616,-1.190249377963
ZnS,22.344613307328,-17.629844944959,-7.864008318967
ZnS,-17.135953457944,-3.223267701881,-9.653856820465
ZnS,17.371811408213,18.388600705644,2.570581070762
ZnS,16.230842418585,14.159197252171,-12.158765067665
ZnS,7.871769333810,10.692984101547,2.514314237178
ZnS,18.838371106881,13.181313004166,-5.877621453874
ZnS,-11.920143203826,-8.070957739033,10.604186535993
ZnS,3.747527970784,-6.526838701174,-5.396510384524
ZnS,-24.000000000000,-13.636868866934,-8.128823081311
ZnS,-9.936420570090,6.909615775351,-4.955382260125
ZnS,7.578284110165,-23.404239882445,5.178307767154
ZnS,-10.746656937812,-20.635867422779,-9.871749032327
ZnS,24.000000000000,-10.634947444621,2.908337718472
ZnS,-2.849565155096,-15.986642214307,9.713914419472
ZnS,18.834066417885,15.632621837619,-2.270575216661
ZnS,-23.706732362998,-23.748981946338,-6.009801227862
ZnS,6.372681451513,-19.930698858868,6.641201889597
ZnS,-2.279807077194,-6.547069584336,12.320849126357
ZnS,-22.552389185918,-19.289587382906,-4.547413480437
ZnS,22.340127892561,-24.000000000000,-8.788638994276
ZnS,3.306010254616,-4.445331989652,-5.418538711271
ZnS,-2.791991842281,-3.491092518897,10.609696929591
ZnS,-2.493837812366,-1.255347792544,12.071455594905
ZnS,3.808203642414,-9.825076570931,12.753042383986
ZnS,-1.428144650176,17.422637175759,-10.617353547430
ZnS,10.422774860262,9.128331115055,-13.979974615757
ZnS,-12.172627578627,10.595454703990,8.671124329627
ZnS,-3.707161061651,-5.190845104811,3.639561483175
ZnS,-11.517724167760,-3.544591298360,-5.444090584246
ZnS,-15.240632612954,-13.987780962280,4.936233659845
ZnS,24.000000000000,19.950306107951,13.930927680952
ZnS,-0.941656863464,3.340131123400,-4.176818754021
ZnS,17.009382270548,23.962349289670,6.721359047816
ZnS,10.901564676807,23.985039335020,-3.901569838378
ZnS,19.342794292876,6.605762069596,-8.644291210740
ZnS,2.798066619047,17.706061723025,-0.136183058495
ZnS,13.462871803498,19.888389176014,-14.000000000000
ZnS,-5.955705676922,10.711100371422,-6.644482235143
ZnS,14.363407012601,19.830626151705,13.848053673541
ZnS,8.091742701616,7.845776476319,-10.200425330353
ZnS,-14.374901941696,-10.785773410596,-2.299381100184
ZnS,-13.340765205408,17.435775194779,-7.938950235582
ZnS,-9.654641179247,22.151110909366,-7.309714411945
ZnS,-22.209480003144,3.102077643918,-1.553363302724
ZnS,-24.000000000000,22.425978823815,5.328857452435
ZnS,-3.681995982281,2.922572259994,-7.765543603377
ZnS,12.950768547126,-6.850681413595,5.870380710476
ZnS,14.682237079173,-17.695453586349,11.493061242573
ZnS,19.976998526560,-13.229802108576,0.244584070278
ZnS,-12.972278796779,2.362597891662,7.855985045952
ZnS,3.043165944613,21.059138795545,8.854255388604
ZnS,7.143206096496,-7.589250379242,11.219549577438
ZnS,5.338412077836,-5.096636293887,8.975608700604
ZnS,-10.150987102909,-23.873702861996,-7.208352096484
ZnS,-24.000000000000,16.137890659559,-1.600208279353
ZnS,-4.247506196402,23.999695455092,-12.097764966662
ZnS,-12.312884152754,16.083720837138,-9.032480225529
ZnS,24.000000000000,-6.165880115677,2.388824493360
ZnS,-7.561533345521,19.237169140203,3.280041893954
ZnS,11.224428867439,14.026625390156,7.056280490077
ZnS,-5.090410074347,-22.317801155221,6.014366968192
ZnS,13.443176499117,-11.054096720559,2.603919892499
ZnS,0.649887695268,17.151154128141,-5.735293862778
ZnS,-12.986051974183,-5.783067289751,0.539399965929
ZnS,19.995025848471,24.000000000000,3.844815359820
ZnS,-13.285110687966,-8.001421130384,13.441093265268
ZnS,-17.688647606734,9.086762267805,-11.071669063439
ZnS,-18.639526157002,-10.403108074752,-7.052815757768
ZnS,15.188753703643,24.000000000000,-0.562509508824
ZnS,-3.491696751947,-10.691220840240,-1.615443824176
ZnS,24.000000000000,-16.655882710342,-7.238314951897
ZnS,-12.826786983651,11.844458412388,-9.620858140220
ZnS,-10.991027096895,17.902471534068,10.592318150973
ZnS,0.793528456757,5.360998346449,0.966341665762
ZnS,24.000000000000,-21.126334052771,-5.499660962512
ZnS,23.914356021225,10.464312017488,-13.017348242221
ZnS,-9.219014537857,-19.076032450927,1.651521557271
ZnS,-6.846286551733,5.413464269093,8.268095776670
ZnS,-1.369302421528,13.846181008815,1.507555585081
ZnS,-15.027326076577,23.991632442755,8.001465294053
ZnS,-16.594920927181,-13.669323637064,-13.666326775847
ZnS,-2.324990077869,3.339141271784,-2.697421757153
ZnS,-6.744180770856,24.000000000000,1.941568177103
ZnS,-19.780785967849,24.000000000000,3.225102048126
ZnS,-12.903222663469,7.071827336705,1.223929335490
ZnS,11.470579348581,-12.235030367159,8.395342065834
ZnS,0.770585110592,20.486514309697,-3.038632004139
ZnS,-9.956305468423,-6.498921390032,1.561552422776
ZnS,-9.967928834953,3.027398192856,13.989278805565
ZnS,-10.920092767305,-24.000000000000,12.187673515343
ZnS,-14.241451943795,-17.119426423804,0.610908257747
ZnS,-17.371591574905,-5.781116305785,4.521395513362
ZnS,-12.617505076062,-7.210422250400,7.090810911700
ZnS,10.455798690242,20.907913713338,-5.768837994692
ZnS,11.411636666266,-12.762923402132,-3.826415048650
ZnS,24.000000000000,17.945140374571,-13.346989039598
ZnS,0.424452603749,12.841153073049,7.711050041867
ZnS,23.819643950846,-20.488772676678,-7.531770464673
ZnS,-7.842183157703,1.093951605626,-7.206762724613
ZnS,1.021153928137,-23.865279282590,12.034061659084
ZnS,15.196522917512,-13.134259385656,-1.062747658393
ZnS,-13.291459692747,-3.280553794095,-6.373897050155
ZnS,4.708359813779,-6.638986626520,6.434610463424
ZnS,-5.339305181258,-7.963925174159,-7.230508333070
ZnS,18.015591290143,8.742326309133,7.619770718522
ZnS,-20.288701883817,1.694435386220,7.581514246218
ZnS,-3.304632778230,-18.485949716925,13.997105826186
ZnS,12.389313993222,11.223843743583,0.494273492913
ZnS,13.036123350660,-8.554869157096,2.662489872413
ZnS,-21.849078109417,11.932199605608,-10.371516976513
ZnS,14.026903265918,22.118745698588,1.969069434227
ZnS,9.798744303649,-9.892566641084,1.762747401146
ZnS,18.655014449982,5.669117240011,-3.045184389460
ZnS,16.758935211090,-23.403999377295,-1.874715317189
ZnS,14.387317660267,-20.780565024146,0.472629491945
ZnS,-13.686187697108,-7.448903847985,-10.464826314706
ZnS,6.330992999138,9.597951441894,13.971391107598
ZnS,-17.671776517684,23.835924767289,13.753401741402
ZnS,16.209644485106,17.776054905001,5.047667238279
ZnS,4.959749272197,10.279481827978,-11.785870829321
ZnS,-8.573526077362,20.761953969634,-13.978973065927
ZnS,6.981336927604,-16.337424535627,-2.977874648882
ZnS,11.981001906687,0.858894787941,3.583892617226
ZnS,22.498775627324,-16.376699082199,10.560458814808
ZnS,-24.000000000000,20.943166057265,12.204397005900
ZnS,-22.272164645953,-18.349631382148,8.793353648790
ZnS,-20.346966613842,-0.932408842142,-13.673041714457
ZnS,21.402610712511,14.122106382518,0.696026043413
ZnS,-19.032281746222,-0.900466635801,10.066647579930
ZnS,0.461785636202,-9.980703031799,-2.447986589528
ZnS,14.729769359615,-4.019608619888,13.921594835853
ZnS,16.108751204386,-10.088398339824,-0.089489063844
ZnS,-0.863737542130,-20.668862460039,-1.652688388589
ZnS,-1.377982262440,-16.080051268498,-7.966296029038
ZnS,-13.970459807289,-23.980147617560,-6.989453406683
ZnS,-5.275391039400,-12.387966704663,12.109951883051
ZnS,-9.628481964506,15.674422918732,8.112086593745
ZnS,16.336605400844,-7.458468816742,-13.941010645050
ZnS,10.001675184412,-6.674834621376,-4.117941629168
ZnS,-24.000000000000,23.570598482847,-12.026167627940
ZnS,14.580456311811,-2.999958092917,4.927244573089
ZnS,-10.294091729484,-6.821948175130,-9.139362379573
ZnS,-11.597543780159,-19.055766182211,4.303506381809
ZnS,22.272308628764,-6.272954170689,14.000000000000
ZnS,-23.804700707905,16.118151839418,9.216824015565
ZnS,2.708455262931,23.841814395304,12.139880561623
ZnS,11.235053048460,18.420314069897,2.609033223575
ZnS,-7.109167526805,-5.149619824712,4.856338821266
ZnS,-6.559653804245,5.884821415364,12.687095777987
ZnS,-18.502949745886,-0.221676848534,14.000000000000
ZnS,1.738852659800,-4.504434560022,-1.712584770155
ZnS,16.478968459503,7.056464856279,10.803399581272
ZnS,-24.000000000000,7.728843793851,11.697024020942
ZnS,23.891805262595,3.473072963013,-4.509555626084
ZnS,-24.000000000000,24.000000000000,-14.000000000000
ZnS,2.878476808085,-2.513453392740,11.030351928492
ZnS,13.724534362237,-4.955538668215,-5.329159003316
ZnS,0.537666452362,-7.273751381772,-4.435103166100
ZnS,-13.932648543916,-7.874160976360,10.603279553619
ZnS,16.501083956257,-0.007704083263,10.445561478836
ZnS,16.362644826050,23.213020215694,-14.000000000000
ZnS,-1.666465291286,-5.247323771502,-7.315519316024
ZnS,-2.380037853065,4.150944892423,0.657458701717
ZnS,-14.973583490083,-2.999768118624,-14.000000000000
ZnS,8.074613521760,20.021107828944,9.878135401088
ZnS,1.996961760481,8.293874470593,-13.802892073059
ZnS,16.818617646592,-15.137946057527,3.008244946103
ZnS,-11.659094376309,-22.199975068534,5.733271871674
ZnS,-7.910739167840,6.754902493109,4.967328472942
ZnS,17.291646388422,17.565435390808,-1.192640038435
ZnS,-14.114927836962,8.879144840649,-9.647929190493
ZnS,24.000000000000,13.933564074123,-13.814511789930
ZnS,8.625427472845,23.841823099162,6.873553675556
ZnS,-1.670135221862,1.089494862933,-13.953626940067
ZnS,19.822839436075,-18.351093328236,-11.042986607227
ZnS,-13.779348254551,6.210012980904,3.523946452710
ZnS,-16.251749387990,-9.612843133598,6.793502866210
ZnS,4.853364338132,10.295654127224,-0.730122243912
ZnS,-22.213905298867,-4.774468016421,-9.648314229945
ZnS,-1.183676056320,2.371486920821,-12.470301817627
ZnS,-3.736171449580,-18.311831176725,11.099215404249
ZnS,-18.128510701472,12.569373959189,-1.133791183764
ZnS,14.509788828484,-10.950205344547,-9.221363029679
ZnS,8.487327602548,-9.695361351955,6.736124809872
ZnS,-23.612467845998,-6.355763640793,10.091419357837
ZnS,20.235101417028,23.962174497077,-4.328542788245
ZnS,-8.594144338162,3.746948632179,3.199054532709
ZnS,-8.824859887270,17.179773695362,-7.909818062331
ZnS,21.944938719642,11.213018818127,8.809132298106
ZnS,11.741710086285,7.983093576268,-3.948625779075
ZnS,-13.206807353023,3.742544264781,12.139748717729
ZnS,-11.604976523439,-20.557698581638,-0.967376495262
ZnS,-17.145941843563,-2.455015106168,-7.383642826607
ZnS,13.709537755466,-18.673695093247,6.351855814107
ZnS,0.528984691196,7.895384155043,6.663445869142
ZnS,-14.801721394100,-6.761295530969,1.785540223730
ZnS,11.880138180481,-5.075173707396,8.521763607275
ZnS,-19.940498428570,-12.170192499674,-5.520405508374
ZnS,-23.870515871756,17.369542287480,-5.445476813550
ZnS,-24.000000000000,3.029085462303,-11.091372841704
ZnS,-13.083282181929,24.000000000000,11.910837353563
ZnS,-22.573869709012,3.165166221843,4.923202345157
ZnS,-11.522489373628,-13.438442513796,3.622799011041
ZnS,9.461823520433,10.905967278820,14.000000000000
ZnS,-18.510408452048,-20.112718337548,9.418158901323
ZnS,-4.721695356434,-11.277701113729,7.151717570735
ZnS,15.090333908543,2.434472661897,9.035581043492
ZnS,-18.322663048427,-3.090828861703,2.564682282813
ZnS,5.810563590879,-14.921684138235,-3.817737047237
ZnS,24.000000000000,-8.626129288148,-7.518876432677
ZnS,18.190748165780,-14.113359957743,-9.203624657936
ZnS,-15.737575844850,-24.000000000000,-7.967873941918
ZnS,-3.020923282687,22.003920964756,-5.885243076087
ZnS,-5.190233060151,-1.015425614281,-1.630165692454
ZnS,20.191638344431,-18.645689036438,12.362022526577
ZnS,-24.000000000000,24.000000000000,12.004022846178
ZnS,-7.345335744979,10.839326454353,-3.221924563797
ZnS,13.329796637992,-10.276003031419,0.743244302765
ZnS,-18.292151240384,-22.350759997724,10.019501714597
ZnS,-4.157651353834,-11.554357331088,10.648393997146
ZnS,-24.000000000000,10.366213530798,3.827915126983
ZnS,12.178974061919,-0.546154134933,5.021614286707
ZnS,-12.529804868802,-24.000000000000,4.514208481424
ZnS,11.125753827105,-9.762522676204,-9.993027010004
ZnS,17.280055789454,-6.986491450043,9.068009052300
ZnS,3.669336092819,-16.990996939072,-13.785454277066
ZnS,22.898065055864,-11.445528783623,-12.670857979481
ZnS,-5.577976685939,7.112694786493,-9.402541300083
ZnS,-2.557459222578,-6.242207073761,2.346974102818
ZnS,-16.240687762505,-23.981816010093,13.912445285505
ZnS,19.455209654065,-20.733385071678,12.726080273875
ZnS,6.681984864959,-16.215260805091,1.081681874129
ZnS,23.958270186430,-14.659808024675,-3.961296722841
ZnS,2.075788632661,3.091742799728,6.132244147496
ZnS,-16.528033576806,-21.919392821251,-6.158829551807
ZnS,3.819277746031,-11.645217626871,-5.365343396058
ZnS,-9.670406678866,2.298077066868,-14.000000000000
ZnS,-9.394998133629,17.196938028351,-10.176556254851
ZnS,20.122907962730,14.722355066633,-0.747047472798
ZnS,14.476524769167,-7.965591201145,-10.134394281882
ZnS,24.000000000000,3.221369770676,-13.843091833171
ZnS,-0.909621774865,11.488820519856,-6.140102520140
ZnS,-21.743755534788,23.390335686725,3.298883277078
ZnS,22.944352414248,14.997193483423,-12.216259234197
ZnS,15.470493829309,-19.177402095285,7.203743630840
ZnS,3.092241981776,22.719237562716,-5.940295352760
ZnS,6.735002285492,23.951906961843,7.624898086653
ZnS,-1.948408211240,2.188468647053,7.431256590686
ZnS,14.306648503279,-23.989494271436,-7.722221511622
ZnS,19.543277818158,-6.105006784698,1.110542322452
ZnS,-0.951088462793,5.001309092526,-5.803695894823
ZnS,12.382615532808,-7.713065656593,-9.986548654569
ZnS,15.824358220412,14.883773435998,-14.000000000000
ZnS,19.382624176813,-16.158961656813,-0.380450513795
ZnS,19.936785629506,-17.491358640384,14.000000000000
ZnS,15.922662508461,13.951632185476,-3.089154098336
ZnS,11.584480557708,-7.837797162239,-4.721120190574
ZnS,-7.266498024657,-6.924102746012,-0.209899351948
ZnS,-1.330425603388,8.310229122057,1.334893085266
ZnS,3.357373657318,-7.418518921514,10.122300012507
ZnS,-9.040240933028,15.815470738922,-14.000000000000
ZnS,12.562776603361,1.681378779779,-9.415652384558
ZnS,-7.276205493840,18.385605684240,9.204462788541
ZnS,-15.939806140086,13.901227460195,-14.000000000000
ZnS,0.551910142744,-22.082762390073,-2.714958322920
ZnS,-1.537784099979,18.742671164815,-8.904250172216
ZnS,-0.993753337583,-8.147118306772,-3.037866526659
ZnS,21.791466840061,12.505247524723,-9.283720495651
ZnS,-10.461081453843,-11.823468796943,4.210736068637
ZnS,0.502962372370,-5.941759035802,-12.065490210543
ZnS,-10.462105741045,-12.375965688845,1.953159311108
ZnS,3.128872355512,11.905329830848,-3.707356051378
ZnS,3.467577823327,4.679214958689,-13.906330399517
ZnS,-12.849670363095,-18.982200938218,7.861059343070
ZnS,15.814642261984,-4.039359864324,7.973878401552
ZnS,-10.285143428434,5.172599994640,6.207979938401
ZnS,0.263453010576,1.755153040050,-3.836309908741
ZnS,-6.697676637915,-20.284873950543,-1.176696888435
ZnS,-3.288598593848,1.893816689663,9.625574302622
ZnS,15.608020483735,14.389293191428,9.106556615834
ZnS,-3.405050653749,18.856451326094,-9.678120172414
ZnS,7.669489282238,-19.697068221539,-2.897352225434
ZnS,-19.860380648587,-17.219181208679,-2.477436325641
ZnS,22.249550379348,-18.117534154017,-13.837951492346
ZnS,-13.250832426926,2.847378773058,10.211611029466
ZnS,-1.014763769250,-14.433024469515,3.918169758550
ZnS,-23.550599648745,-2.195260891381,-8.326326678766
ZnS,9.308301402301,-23.802688426036,-10.557761807062
ZnS,19.616571741654,6.287314200036,5.272522968351
ZnS,16.342292308191,19.937286142469,3.483717349546
ZnS,1.205428363581,9.709101486412,7.242826482483
ZnS,-10.408774794430,23.981427123693,0.623703107494
ZnS,-18.274852034373,-2.234745722957,-10.997781075848
ZnS,-22.308441150652,2.533424364057,-3.708250505113
ZnS,22.073459403477,-7.522005383239,3.792740588494
ZnS,5.505605236589,18.254572078163,-6.599190687091
ZnS,-11.824117907622,-1.413693118204,-7.615212502120
ZnS,-15.920789422008,-15.144143048402,-7.437057628205
ZnS,-12.742848462082,-13.039878397179,-12.362605034128
ZnS,24.000000000000,-4.951212638494,-14.000000000000
ZnS,10.114693722859,-1.937575806719,2.090515964720
ZnS,-7.545995180484,-14.180563438030,-14.000000000000
ZnS,2.506049351552,24.000000000000,6.672555078499
ZnS,-7.814325609073,7.365469523124,-12.701580833306
ZnS,-16.367282583300,-9.056253314102,3.243742449828
ZnS,-17.813290270514,-12.133903297240,-12.931547459560
ZnS,3.254876351236,10.483696391757,-14.000000000000
ZnS,11.535818058468,4.380448255219,6.122544404408
ZnS,-6.438395276434,23.638597908411,7.632360580452
ZnS,1.155682329484,8.835648308394,-9.899623750571
ZnS,-5.995424758491,-12.366193445026,-7.101963600854
ZnS,-16.563337076926,-14.621378748377,14.000000000000
ZnS,2.744147039459,16.768035103694,-14.000000000000
ZnS,-5.080394437149,-6.114498156887,-8.000563039381
ZnS,8.376259472760,-11.338446579963,-6.228119603322
ZnS,0.420332876282,-16.126517693060,2.676756529799
ZnS,-14.291675331609,21.483475886548,-13.897076412156
ZnS,24.000000000000,19.116246010984,-7.876514816132
ZnS,-4.038736005675,3.012550043317,-1.679181638241
ZnS,9.321773983711,-10.740335552865,-9.168909581503
ZnS,-16.682412148999,-13.352413866302,-6.850255742985
ZnS,8.427938505036,-3.775775080791,13.564099471309
ZnS,9.813532700429,-13.754439350622,-14.000000000000
ZnS,17.038477685421,22.333369635522,11.527450953247
ZnS,8.755830641006,18.192378277793,-3.837749245784
ZnS,-10.259854261528,13.878300655417,-2.200696699562
ZnS,6.902757367442,12.833900277775,-8.772327532137
ZnS,-10.196085075315,-4.885637287350,-8.570269585921
ZnS,-21.912163557679,5.491269481981,-11.127155706157
ZnS,15.617335194825,-18.655240310904,-7.556472478109
ZnS,-9.582411189724,13.753295440997,-4.118163603157
ZnS,7.562532664582,-2.280105552689,5.061397500553
ZnS,14.777923021034,7.296065755827,3.747332789832
ZnS,-8.313392668202,20.848811670975,-0.759116894859
ZnS,14.036676798061,21.498515668728,10.412375048825
ZnS,5.638859245900,13.368310878355,2.469222575339
ZnS,6.191610088528,-18.004393934005,10.510933217042
ZnS,-6.916709499566,-11.467623081675,10.602647117265
ZnS,3.787668352157,-23.856561885529,-4.386193890008
ZnS,1.233863982031,23.528924794180,-3.903378465992
ZnS,-12.073602752255,-22.318608991485,2.657381546998
ZnS,4.501969604952,-9.653853058884,-6.125059548190
ZnS,-15.387603101768,6.665860847887,13.663530169212
ZnS,19.376067571797,-9.185352217163,-13.778130763274
ZnS,-2.554932711311,-20.613479033168,-14.000000000000
ZnS,-17.254661280934,-24.000000000000,-10.965938094118
ZnS,13.660111673333,8.149913011329,2.297561348015
ZnS,-5.217695129436,-3.507753817732,11.094220054161
ZnS,5.486994888704,20.340158874417,6.385959502149
ZnS,-14.148122869695,-13.303809370109,6.491548704945
ZnS,4.501414165191,-23.681157650015,14.000000000000
ZnS,1.747540161732,-5.352774920503,12.137871105329
ZnS,-15.538305341045,4.089440789991,-1.098903974699
ZnS,-6.991896747359,-24.000000000000,2.979985930878
ZnS,2.186981830057,-24.000000000000,6.278229114038
ZnS,21.415677152321,20.600468011103,-3.553828189051
ZnS,-1.929555738592,8.748661131249,-10.714571772729
ZnS,-10.040606136681,-21.158085604795,-2.495514149214
ZnS,24.000000000000,-24.000000000000,14.000000000000
ZnS,-21.349308750781,-18.275886029547,-5.986390068838
ZnS,-20.558493758080,21.898802070672,-11.544218833682
ZnS,-13.799809767303,14.439498735425,0.583917122663
ZnS,3.927350670735,-24.000000000000,-12.481991586902
ZnS,15.061207892537,8.121766364037,11.770604559065
ZnS,-1.268948342738,3.783928212421,8.668671764528
ZnS,-22.092890022947,0.356374167576,7.195756474552
ZnS,10.546813603731,5.642185058149,-3.006078526979
ZnS,-17.098190315108,-19.641047604534,12.364709201208
ZnS,-19.381988887482,-7.924169936510,-10.821714583248
ZnS,-21.879373593276,11.351519673073,-6.656816083894
ZnS,-11.142099375470,1.800903000898,3.115033338111
ZnS,-15.486239215078,-12.884762315272,-12.122293227885
ZnS,-12.467948430295,-18.615349608922,14.000000000000
ZnS,10.370449093950,-7.792359939690,-10.145588500269
ZnS,-1.659195662776,16.762492781993,-5.337973341346
ZnS,2.678335911092,3.466163632811,8.062568557514
ZnS,4.778925736805,-19.411835855294,10.007437951801
ZnS,0.194656284430,15.781093882365,-10.570226615219
ZnS,8.465395594501,11.717118570726,-14.000000000000
ZnS,14.082783124928,-10.593352290461,8.358292091753
ZnS,22.311727555228,-3.976581611766,4.967143008383
ZnS,5.622742703018,-9.560973543886,-10.798549482451
ZnS,-12.775463396807,-18.648540659767,-3.654351661336
ZnS,-13.466605124787,-13.562863131828,13.049421334223
ZnS,1.986949497743,-12.599481089753,5.303277208573
ZnS,-12.552749652168,22.121609900180,-12.868006635777
ZnS,9.790575782849,2.903462390139,-5.729457698651
ZnS,0.182487456938,-20.616770846147,-13.841460077934
ZnS,1.918977887151,16.130275812120,-1.198353147615
ZnS,-2.690149219608,18.660508106784,-6.933984600569
ZnS,-22.110943173813,2.313319392975,6.695333674805
ZnS,-22.873634118062,24.000000000000,-7.557545523892
ZnS,18.784106738680,16.541054866463,5.848688207418
ZnS,2.511481348054,-23.903544323919,13.733333151778
ZnS,-23.985604375293,-17.366566184208,1.983393104296
ZnS,-18.479633114697,-14.386943933229,-13.781567911700
ZnS,13.574934717101,1.845347636421,0.412360981800
ZnS,12.382738889116,23.912223914048,3.988648056050
ZnS,-1.472406585217,-8.410228579866,8.715277300664
ZnS,2.977941436410,-8.124545575734,-4.158018394396
ZnS,14.578050472235,-5.711541837113,5.480403875035
ZnS,5.774286955817,-24.000000000000,-4.722604338190
ZnS,-23.747870699513,3.347215621095,7.978160745115
ZnS,-14.876924171486,-3.483236570573,-4.963260828960
ZnS,-11.486519402961,-10.833948587258,-4.371851411048
ZnS,24.000000000000,14.141689184151,1.589140832475
ZnS,-4.374459049950,-16.184079167943,11.736052111907
ZnS,-23.923719761731,0.882450311556,-10.296941482316
ZnS,7.460000605399,-8.664540630909,-1.189124633881
ZnS,-4.641646052503,4.540761017228,2.472594340862
ZnS,3.514752097393,-13.566317298690,6.204684455682
ZnS,-1.758229390863,-12.273948912940,4.630448083243
ZnS,2.234670045695,16.753118706557,12.135712893168
ZnS,-24.000000000000,-20.346525196120,-11.747197080503
ZnS,11.210661525963,24.000000000000,-7.801414974773
ZnS,-17.655590230098,-4.193230513261,5.791667912438
ZnS,20.928065634679,23.948692029763,-12.120678125036
ZnS,-8.962970736614,22.743945531349,-14.000000000000
ZnS,-15.730294534385,-12.577369907791,-8.454368688107
ZnS,23.544771266265,0.164864867781,0.335640028198
ZnS,6.954464951612,22.665943579658,13.968390746704
ZnS,13.004874782161,2.388141716820,7.995616897473
ZnS,-7.987356922918,22.338724971183,-5.563890278501
ZnS,-10.974471224994,19.978137158328,10.395007969072
ZnS,-17.583281921042,-8.557952132714,10.115664919655
ZnS,-17.601190882868,3.400884567519,14.000000000000
ZnS,6.898631402442,-19.872523681806,10.209915833242
ZnS,6.841291540390,10.119119148318,-12.520173727131
ZnS,24.000000000000,-20.273352401421,-2.092551564378
ZnS,4.385312232516,-3.083281969288,9.488010036194
ZnS,-23.951710009448,-2.094398794204,6.788338946430
ZnS,9.623336729812,15.681941645674,-7.627705724331
ZnS,23.998891703941,-23.966798867061,-11.980290806376
ZnS,-13.005155610460,20.556832435142,-6.736336774771
ZnS,3.762986772543,-13.398935155814,13.820975082921
ZnS,18.705821123540,11.457688052198,7.339852102348
ZnS,-3.669481585810,15.575474241555,11.763534467347
ZnS,-11.982780521896,-20.294356372889,11.350323477256
ZnS,-19.776597939775,19.506477833784,10.980372480662
ZnS,3.104896191342,-3.198158550269,6.374647573518
ZnS,0.455022442737,-9.237370502084,-11.969070768853
ZnS,-10.027975965638,-24.000000000000,14.000000000000
ZnS,24.000000000000,14.259789009655,-2.263803447161
ZnS,12.712699998303,-24.000000000000,14.000000000000
ZnS,-11.798965485916,19.599384856113,12.199782467523
ZnS,7.686650370298,-17.789956916219,11.852301678285
ZnS,-8.673513485299,12.405729542230,-2.805189796213
ZnS,15.125436879801,5.129866525603,-14.000000000000
ZnS,-12.017072471064,5.340992928573,3.992546971838
ZnS,10.193150729432,-2.341393520604,-4.645957991622
ZnS,-21.386065999741,18.697980006273,2.617303030053
ZnS,-17.790055539865,11.486764890587,6.469756429832
ZnS,16.495079638174,7.452325850168,8.433461608040
ZnS,-23.870075696471,11.959736599660,-10.457546933451
ZnS,13.110417542862,-24.000000000000,-0.713668258297
ZnS,5.113130407604,11.912740074677,-4.085594349601
ZnS,-24.000000000000,-12.607391326102,-10.151790052883
ZnS,15.060361835016,-7.008048844725,8.667621965596
ZnS,-1.730120175339,11.647028681551,9.239165925604
ZnS,10.348032002739,-5.826941737898,13.541450042035
ZnS,22.246736293495,-17.653260377854,12.105536881660
ZnS,-16.994700566786,-5.984128457520,0.989765902624
ZnS,2.984836215573,16.066742709204,1.029213063903
ZnS,7.472384618699,23.990645350792,3.658235097442
ZnS,16.677540265087,24.000000000000,-1.927762054035
ZnS,23.670037243197,-1.292364095426,-9.048829430848
ZnS,17.067063946036,9.140917348126,4.394819071347
ZnS,-2.672383869606,-22.118767228673,13.692809389720
ZnS,13.252339803398,-13.646706956628,-1.264270616195
ZnS,14.789106167524,-11.522829045115,4.367715255491
ZnS,4.500978239844,13.631075796067,12.722672806910
ZnS,-3.416133525167,-18.355603741148,-11.676247437088
ZnS,11.137639146643,-1.876766783398,-10.920047935135
ZnS,-7.527129053642,-11.022574908305,-7.444333169021
ZnS,24.000000000000,9.937436544941,-10.903080366726
ZnS,-13.711476362436,-22.431497568488,4.987325686327
ZnS,19.569223624679,-20.809563416687,4.807996418637
ZnS,-14.573429428571,-8.392085158172,3.892873494061
ZnS,20.633543357020,22.080629699858,-8.492889054462
ZnS,-18.737494183316,20.414230599459,-7.504575929493
ZnS,4.567533071135,-24.000000000000,3.415933968873
ZnS,-3.849256894711,16.332628834040,-10.401831455665
ZnS,6.241635191197,-19.794998170607,0.723024185219
ZnS,-3.378192705021,19.151416533784,13.918742305400
ZnS,18.442402944079,16.619751915680,2.396180730206
ZnS,10.811047684565,12.932654735165,8.987621254504
ZnS,15.123847851671,-10.420260529057,1.679801277403
ZnS,12.067873236075,-3.115856997255,-9.624009681274
ZnS,-18.288545727387,-1.870770796013,-3.772682954786
ZnS,5.914496450608,24.000000000000,-1.093016929442
ZnS,-5.168116188722,16.782993692859,7.149810084683
ZnS,-6.896555391363,-15.491906456723,-2.561065089580
ZnS,-1.718496735675,-17.976320675731,-8.573415986366
ZnS,-3.267708523031,11.217717564710,-13.850122336029
ZnS,12.506489529402,-13.912503416628,5.354466058369
ZnS,-5.252004928902,22.255321480867,-11.830313602690
ZnS,-22.396667228057,-22.773608869831,-7.926566968750
ZnS,9.220004599906,7.107351718116,9.044959594270
ZnS,22.439100380422,2.471422311476,-12.058149691127
ZnS,-12.486668601232,10.761923121037,-4.453221034677
ZnS,3.617902980926,19.638769058749,-10.457141749461
ZnS,-14.356352540137,3.749137438156,6.399726577193
ZnS,18.514472300291,-0.382467396560,0.474771218794
ZnS,-4.828162529007,17.796509675691,8.863757191154
ZnS,18.059551460889,-18.850556565695,-14.000000000000
ZnS,-20.171834104971,-13.625285417305,9.624384960761
ZnS,15.629858902828,20.256788627276,10.395551782275
ZnS,-22.179755183126,5.769260691249,-13.109960508404
ZnS,-5.460101117357,-19.361471077600,-3.339873587031
ZnS,19.255698295459,-19.830465750202,2.643610931092
ZnS,2.082648455346,10.352238780411,1.494135696223
ZnS,-4.296276450960,-8.426219404854,-4.593128759397
ZnS,-20.036390888459,3.688045511506,-6.059212963496
ZnS,21.695747833473,-5.900121056072,4.936079695292
ZnS,0.084129496032,-5.352412921342,-3.830647714485
ZnS,23.999476604384,2.291842097066,-6.189574159034
ZnS,-0.770385508639,6.319359585775,-4.077819411118
ZnS,-2.964552540199,11.956519818477,1.069422601444
ZnS,8.935150227236,7.761884706168,-13.965981526109
ZnS,-12.610835927022,-6.925378108456,9.090585979159
ZnS,-18.768319410188,15.672690497173,-11.124628154168
ZnS,11.794077204343,-3.100975181234,1.545554799126
ZnS,17.663262942657,4.196197814320,0.385694914464
ZnS,14.961624137095,-15.596749545890,-3.742598069571
ZnS,1.934372782482,-4.249739008329,10.441684838516
ZnS,1.295111648224,4.374971984614,-13.847114049785
ZnS,-2.074703534749,6.665130118350,-5.581014300050
ZnS,19.039069111209,3.074558030235,1.626557861905
ZnS,-4.729223710649,-1.071045790150,0.406209790873
ZnS,-18.071624899747,23.943784343083,-14.000000000000
ZnS,11.697221359893,3.888037713685,10.247879461552
ZnS,-24.000000000000,-4.139574007176,8.376387113100
ZnS,-0.195051452003,24.000000000000,13.878611744705
ZnS,-21.923452570674,-15.999074934996,13.802410130358
ZnS,-2.135404675437,-22.190182083889,-4.556332462215
ZnS,-19.989162369979,-24.000000000000,-13.990261182714
ZnS,-13.296098528753,-21.718888619916,-1.405761189295
ZnS,-0.915977973007,-4.787653202456,-1.534429779176
ZnS,5.336717527639,6.995596431937,-10.689419525590
ZnS,8.922311439000,-4.920433494841,-10.264315792998
ZnS,1.703504504408,16.804294640716,9.196866629338
ZnS,-7.579432832623,-22.460014148281,6.780570660065
ZnS,8.733488159365,-17.532018809255,-0.647563825997
ZnS,-11.247824162391,-6.091231111607,10.326221823133
ZnS,-17.928318752714,-7.719125180765,0.544185348472
ZnS,-6.451950124732,-21.131490252741,-14.000000000000
ZnS,-14.741898506914,10.232000911977,8.432838649427
ZnS,-15.744712310070,-2.222980078256,-12.293313303527
ZnS,-16.826054244910,-2.194317531717,-14.000000000000
ZnS,-17.679845825472,3.424051990681,-10.009092643993
ZnS,-16.063601062113,-23.970484058030,2.721664031753
ZnS,-4.459024975633,-20.626447536549,-2.124110241156
ZnS,-18.804924598573,-18.818507105908,-1.351426546456
ZnS,13.431446698645,19.518480733708,0.414782208640
ZnS,5.516737119555,4.387798407155,-14.000000000000
ZnS,0.014123958060,22.061680991357,-13.727667797616
ZnS,12.763107038769,-10.878795644694,13.867305126385
ZnS,-14.190887454940,-23.959381162623,1.964550927497
ZnS,13.700569022267,-13.179210536476,3.899524489357
ZnS,8.068988059695,13.941181624994,4.015352197501
ZnS,20.013477371489,3.893237764548,-0.057672623773
ZnS,10.422770886232,12.457210714812,12.562289642202
ZnS,10.549321072751,-13.434591552912,5.207871173612
ZnS,-5.386180101508,4.155767314967,7.399379226249
ZnS,16.340895341035,-23.601473513959,12.310060860326
ZnS,7.648083531022,-9.829527789446,-3.443887384616
ZnS,16.235647169650,23.589974196928,4.723854306057
ZnS,-13.127823848190,6.067201150820,9.439673998529
ZnS,-7.742262833178,-11.120051580614,-0.993096339589
ZnS,-23.998074879851,-21.324043142400,6.180733103369
ZnS,-2.461098982698,4.627478493990,-4.515085412744
ZnS,9.475021309228,-22.802159415892,-0.910548309699
ZnS,-0.513817893971,-24.000000000000,-13.823920540390
ZnS,5.096596043237,-8.892791797949,-4.350911165076
ZnS,18.740124926569,-16.464957987397,11.492467422222
ZnS,16.358789565969,6.013215013367,7.022510888064
ZnS,-0.703070291827,-3.680318528908,-6.480795493743
ZnS,-0.636811805404,-20.749539063375,-3.658278954157
ZnS,1.350416591912,-23.945143382699,-1.118688959606
ZnS,23.899567155748,-11.067491578165,-5.938417710856
ZnS,6.675452837029,-22.191629627763,-14.000000000000
ZnS,-5.394740002959,-2.330231173698,-13.988752398478
ZnS,-23.428316137735,16.678933519390,-3.471280013136
ZnS,6.178458770792,0.673128063235,-14.000000000000
ZnS,-2.158489945692,-11.697122503605,-0.441114480491
ZnS,9.500109841630,2.140336073949,-14.000000000000
ZnS,-18.882102651825,14.403308618534,-8.323480367722
ZnS,13.885919145105,-19.941522387797,2.240398343210
ZnS,-14.365361007346,22.105409770792,-11.976615957361
ZnS,1.303892162288,-4.415969562856,-5.151967310659
ZnS,-10.467306000751,0.034784041733,-6.598853796200
ZnS,-12.793601662981,10.449403471754,0.952222664401
ZnS,19.774847320620,-0.273460469391,10.369296557251
ZnS,-11.968164576264,-20.745402353520,-2.945572669419
ZnS,17.408602706408,4.066586380418,2.385381428815
ZnS,11.742559504697,7.542564704229,-13.930308145531
ZnS,16.272987501079,24.000000000000,-3.967986662122
ZnS,17.694306554895,10.047612557880,6.111989729825
ZnS,-9.429164434075,8.186677029020,4.943150214856
ZnS,13.613418133680,14.839693389424,-8.687379586271
ZnS,17.382853544915,-9.426747011542,-14.000000000000
ZnS,6.904728173957,-17.974055591277,0.113474519831
ZnS,-10.950427894149,-24.000000000000,3.254859468486
ZnS,-14.816237295519,9.911228674710,4.287795579798
ZnS,0.584645667457,-1.766885182432,-10.554241313405
ZnS,4.326438397370,12.343723090366,7.679467716187
ZnS,20.107172788098,24.000000000000,1.510951496535
ZnS,-14.271909371642,19.167011602204,-7.473988848639
ZnS,-19.258458736583,-10.856557511118,-0.946742816725
ZnS,14.757777685863,24.000000000000,-2.558984582871
ZnS,-24.000000000000,-0.778457314483,-5.131013430847
ZnS,-4.262265702642,22.412662917025,4.094939836045
ZnS,-17.929447578186,20.971125426702,-2.989181028626
ZnS,-14.945031700974,-9.967828312778,12.009306905335
ZnS,13.127517887743,15.932686859255,-14.000000000000
ZnS,8.882840872161,16.740853827458,13.996461049820
ZnS,-17.515617589289,-1.394389999828,8.827225170082
ZnS,-20.182827396797,-4.194862838682,2.099562157073
ZnS,13.824683988327,-24.000000000000,-4.520755509765
ZnS,8.898573484768,23.916807414480,-4.154097791899
ZnS,4.640331295942,-20.460163343973,-4.456028700128
ZnS,13.245194378165,24.000000000000,2.013692903305
ZnS,2.166624157288,9.500391916072,13.681955269418
ZnS,-9.204037598219,-13.773128294211,2.853516735503
ZnS,11.032127595672,-18.005588395056,8.978961643817
ZnS,-16.140991492079,-17.220626628063,-2.188006570650
ZnS,0.441742368125,-18.764343405177,-13.000612617771
ZnS,16.215278291703,-11.074619461785,-13.959001895205
ZnS,-18.437483377650,-7.444334036990,-9.101259767199
ZnS,-6.492237798691,16.463527197760,13.995305691455
ZnS,-14.933910189062,17.379905114713,-6.661609031633
ZnS,9.723053123271,-8.283009536948,3.412005100649
ZnS,-17.832920740474,-24.000000000000,-8.814472393034
ZnS,3.029629565685,-1.895311093209,-3.916711056550
ZnS,-17.229613493977,-22.519922253302,-12.340398740040
ZnS,-19.404652448761,-9.044740355153,-8.337268447979
ZnS,23.994244341482,-5.080062605353,4.622513513615
ZnS,18.912757254058,2.100341589847,6.590623190960
ZnS,3.604423530669,11.706102927422,-12.430306340815
ZnS,6.629973312444,1.057738452754,-11.137150654797
ZnS,-1.385449215117,-6.657438691199,-4.388361646070
ZnS,8.792360066405,-3.186749133810,-6.021737464466
ZnS,0.290912195166,-4.037721260133,11.659050921780
ZnS,-23.655832253094,14.536355934469,-2.859883947648
ZnS,-22.475719414827,-15.882843170053,1.842834952027
ZnS,-22.032406736542,17.820108024893,-6.942487925226
ZnS,10.500782977438,3.669088219657,-3.436992108832
ZnS,18.655198811862,6.959729123354,6.916913406320
ZnS,-23.936852829503,17.549207624280,7.795786025864
ZnS,-7.192155410875,12.118006879427,12.154797044087
ZnS,-5.404048346752,-14.402378721447,12.032564798774
ZnS,12.252747260625,-20.177848081654,6.075961797401
ZnS,-22.010551366181,-12.040153344766,10.845662162957
ZnS,13.665952331097,-19.296071795993,-6.751695144695
ZnS,-2.011339874171,-20.234873845288,14.000000000000
ZnS,-16.252686154043,-0.864161921535,7.342549648314
ZnS,24.000000000000,0.635687379467,-7.346099615348
ZnS,0.800943375411,12.387638213877,-6.728738643020
ZnS,1.953304592142,-17.694345942373,-7.539577106576
ZnS,-7.530453148367,1.353865600338,-1.188693942579
ZnS,-14.855690621914,14.150106553399,-4.433967363828
ZnS,-11.468225624570,19.820068606147,2.455959351372
ZnS,-14.665941765338,9.338248364024,-0.632038156409
ZnS,-10.533894906100,24.000000000000,-13.813121768890
ZnS,13.254592033655,21.320616311892,3.777246790879
ZnS,-13.387159627463,20.281873984958,-12.043899925590
ZnS,-11.248321102999,-3.519634964489,-7.517586586785
ZnS,-17.679903940703,-13.239069887599,1.060036899431
ZnS,-19.628198910432,4.287773983873,-0.671176696304
ZnS,2.167327909226,-8.577654362778,2.651399689410
ZnS,-14.385327978069,-17.964776099190,13.953873691643
ZnS,4.647323084078,21.057522312325,-5.516006694101
ZnS,6.625453497942,-7.678217052058,-2.859504280775
ZnS,-16.021528028217,-11.433835610242,-1.325198390037
ZnS,5.429245690771,-14.055870429151,1.602104048672
ZnS,14.577777509255,-22.636135942639,-0.302600219850
ZnS,-2.005275644981,15.522453884773,-10.247727802464
ZnS,-2.832924913895,6.945870896948,14.000000000000
ZnS,9.940752502696,-16.262435113731,-11.267739348644
ZnS,4.143763834954,0.622271369601,10.258953572573
ZnS,-15.209260825338,-0.070585935996,-0.546087325180
ZnS,-19.885012787216,-8.526940320223,4.607790928583
ZnS,-17.524061103497,-18.527684835872,7.493983599323
ZnS,2.984085368892,10.879597672959,-0.234939919923
ZnS,21.815479814008,2.980743811364,-4.621365032543
ZnS,18.815366748175,5.731041802976,-6.747120644019
ZnS,0.745159390541,-6.268323634581,-1.981667857566
ZnS,-1.126104073619,-6.783264009769,13.969403455590
ZnS,9.164060239392,-11.841696435607,-14.000000000000
ZnS,-23.759340057416,3.704280098844,-4.485665453866
ZnS,-21.964205199829,-7.177101117977,-8.513223161492
ZnS,-9.526946972150,-13.195149139129,-13.984881704515
ZnS,13.870544113676,-11.957901308086,-2.196435376065
ZnS,-15.287449222184,-19.810854748082,13.940847307728
ZnS,17.821859113754,1.941129945470,0.480198252048
ZnS,-7.896441799877,-15.695859270850,0.062683381078
ZnS,-19.380792777971,22.310559253710,-9.932572689920
ZnS,16.573781577545,-22.082092133347,-6.252773804410
ZnS,-7.934348856414,-21.585201584214,11.613216853699
ZnS,4.125414095600,-14.759286468906,-10.207382898703
ZnS,18.298817625181,13.415879338704,7.056595985421
ZnS,22.103154716992,8.974334977531,-8.146251159581
ZnS,-5.701612408916,-16.408192786922,7.757423405883
ZnS,-5.222592714641,23.887508053569,-13.867607687273
ZnS,-22.481513487936,-12.195395838046,-3.035581378183
ZnS,-4.241321855551,17.458233126458,-7.412312900895
ZnS,3.923441764649,10.618937658876,-5.634467164457
ZnS,17.990616844104,-23.754775155390,-12.509909720790
ZnS,-8.285182225496,-19.264576437608,-0.456128647343
ZnS,-15.705688989496,-11.865129655304,-13.852203542970
ZnS,-19.797495338062,11.564351400996,9.761270802834
ZnS,1.982610213383,-23.618923821618,-12.090644196572
ZnS,10.389764541408,-9.135870237568,13.999193456209
ZnS,-9.835784647004,-2.862423724529,-13.948646234514
ZnS,-18.002752690842,-23.979418598185,6.200469191460
ZnS,-5.056936981789,20.299421635729,13.810637077800
ZnS,-13.754918067738,6.592733545283,-3.179218571223
ZnS,9.392989068124,2.759001153475,-8.109166330008
ZnS,23.834611097699,24.000000000000,-2.544239363116
ZnS,-23.637045602442,-3.209215369026,-13.970719448062
ZnS,6.412251948608,15.713565788310,-4.338244926259
ZnS,-18.473161214944,-21.191922934520,-7.766281444601
ZnS,17.758533712199,6.459255090858,12.247855345607
ZnS,14.322428079557,24.000000000000,10.201043641665
ZnS,-19.042155535073,-0.799891990587,12.133325245410
ZnS,2.678094632726,-6.706982744971,13.957724812365
ZnS,17.107729246014,17.069266855630,-3.175271324659
ZnS,-0.128886665288,-3.392272862707,-0.304063689944
ZnS,-17.160939080987,-23.912689145215,10.620447692474
ZnS,4.772873039191,12.208221288397,-14.000000000000
ZnS,-4.692388584689,-19.869369259405,1.764025169628
ZnS,-1.682941576973,3.594862529001,12.535591827783
ZnS,19.546721524505,-0.376505094587,-12.283440058024
ZnS,-12.669032276297,14.490228022267,-5.343099378665
ZnS,8.930889612008,12.957343433351,13.829000679278
ZnS,-0.850851079986,-12.180957659140,-12.480119469454
ZnS,-6.886766177374,-19.811549445836,0.895037601419
ZnS,-2.749440751233,17.134821186996,-8.739609492110
ZnS,13.326554772614,-7.678169165737,-5.835416272799
ZnS,2.895558619610,-14.143758664973,4.370520528386
ZnS,-16.808059657604,10.578073563820,4.824256100727
ZnS,19.716106410680,16.761856508230,-0.322329904947
ZnS,5.400162800379,-8.432281252512,4.033387586971
ZnS,6.963646484600,-6.163038139538,9.800368319108
ZnS,8.392936022916,6.847552985388,-2.180272242886
ZnS,-13.069295988655,-20.491906805646,2.460586708929
ZnS,-2.358820149061,13.012917835850,10.588047852407
ZnS,-2.221302083768,-21.599968476426,10.936577725451
ZnS,-19.721901509242,-18.824195481608,7.392729345166
ZnS,-6.273456255305,-10.051267310360,-6.159438382692
ZnS,-23.626714508376,-3.490917813106,-6.778464029804
ZnS,-16.106771734043,-8.203593069327,-14.000000000000
ZnS,-16.268613424377,17.230759552138,7.213246103316
ZnS,-5.780731882757,-23.775504726878,1.244768056795
ZnS,-13.804056467945,-4.240917612611,-2.327172260447
ZnS,-10.287114603939,-13.662320287198,-1.717259275864
ZnS,-13.923778721215,13.965103783527,-13.890669993589
ZnS,-14.855355712009,-15.777273067213,4.082021464137
ZnS,15.457998866307,7.114122355860,-13.819636868605
ZnS,-5.859525998788,-10.457039491163,12.213413090603
ZnS,-24.000000000000,-4.262249717797,-8.607699843619
ZnS,-14.767123666365,5.047000229704,-10.045078803701
ZnS,-9.775493896831,-10.797173932327,-7.682089913701
ZnS,16.520792459549,6.994880054453,14.000000000000
ZnS,19.001446750806,8.255986256315,-9.760485950169
ZnS,3.340052255687,19.835290158632,1.352900565470
ZnS,-20.483745061927,-6.425722687395,0.407185136141
ZnS,-13.804736576935,-3.814424153596,6.661760887462
ZnS,-14.096863090936,7.018820445968,-13.924318238927
ZnS,20.880615920107,19.305389122891,10.254091475288
ZnS,12.041252703016,6.659960689912,13.903447406803
ZnS,0.019023359877,3.982703536126,-12.275642109606
ZnS,12.387415235861,-2.702428612825,5.583818582069
ZnS,-3.730029139216,-8.429734977204,-8.558378879884
ZnS,-11.176848106260,11.073982617566,12.271453729000
ZnS,24.000000000000,-12.675779094275,-14.000000000000
ZnS,-10.813136042975,0.795966979171,-8.437712493035
ZnS,-22.461274318084,-22.082454862585,-3.730441973216
ZnS,6.057603696160,18.649674065426,7.333095485736
ZnS,-4.245486507211,-4.038996295392,14.000000000000
ZnS,-4.758532629876,-11.103854910723,14.000000000000
ZnS,6.103769096426,-22.128230805698,2.031002924424
ZnS,24.000000000000,20.430967037858,-0.978829990026
ZnS,-21.873466517345,-12.187362396056,13.836416051697
ZnS,-14.093609165458,12.303852612587,14.000000000000
ZnS,17.617467320090,-0.780729279825,-12.725226432259
ZnS,17.880858153144,24.000000000000,12.328568404708
ZnS,11.984120305374,-19.080194821030,-4.791525575218
ZnS,-6.551043205305,22.147775310504,-4.103409997557
ZnS,-7.514950623231,-9.196093263099,2.443394278060
ZnS,-22.476656361474,-6.054588804148,-0.045945900693
ZnS,9.467050814995,12.896690018534,-0.387757354201
ZnS,-24.000000000000,-17.923221797738,14.000000000000
ZnS,23.735192684904,-15.106212696603,9.592193944028
ZnS,-23.834429455193,14.172844675486,-14.000000000000
ZnS,9.231249977405,-20.847796558875,-1.359370044371
ZnS,-0.998067404919,24.000000000000,4.787881686252
ZnS,-13.392890262590,-1.946464430200,7.310995384795
ZnS,-5.341022786158,6.224042736367,7.192213578122
ZnS,-20.060039427003,-8.127859524138,-13.970150555636
ZnS,23.991415117321,-24.000000000000,-9.956965866393
ZnS,-1.002184582942,-8.090664744611,12.065038771413
ZnS,-9.407615847935,-7.134294459620,13.985759422151
ZnS,11.248402626227,19.276910055471,0.757607878460
ZnS,-16.938109420984,-9.434233060421,0.942033063535
ZnS,-16.799710212540,-15.651156414341,-13.999193276942
ZnS,7.959609980958,-11.923719746377,7.815510079989
ZnS,5.996267734179,1.044710168875,-9.219171967222
ZnS,21.045124106919,17.483189477399,-12.580985378914
ZnS,22.046811475081,-10.174067409811,3.138649784186
ZnS,-5.714801742057,-11.959346121738,5.530144647371
ZnS,-21.641305542796,-12.920493633896,-4.730023887592
ZnS,-19.832898101596,-2.305227521499,1.477291260423
ZnS,-20.028798067489,-8.062886204467,1.499480110223
ZnS,6.844393950107,-2.328430991343,-9.077095745785
ZnS,10.853931535960,20.590595861396,6.279883804253
ZnS,-4.861737819386,-6.753723724905,-2.480489289161
ZnS,-13.922949713364,-12.406948587374,-10.850268858227
ZnS,8.580389987954,24.000000000000,-12.009934008567
ZnS,14.547808150633,16.480635880813,2.538098778985
ZnS,8.390715456926,9.040620834683,-11.801475669526
ZnS,12.526618408180,12.729345853165,7.940777199017
ZnS,5.700167877860,20.176976901690,-10.492246168545
ZnS,-7.446539937492,7.207929526797,2.195732904260
ZnS,-23.967557635753,1.833306859835,11.499422926882
ZnS,-4.985808744777,-10.415882583434,9.199800864892
ZnS,-17.509841240027,18.748197167280,-3.105249716997
ZnS,-21.545076297286,-0.749852161631,-10.228258516429
ZnS,-20.027257903549,5.788843166378,-10.396641629775
ZnS,-9.221594638952,11.439665651463,12.623105283227
ZnS,-19.989691173190,-20.410358690036,4.151217269129
ZnS,-2.099304345052,-2.697859434334,-12.509435253639
ZnS,-2.185772591151,10.064204606669,-5.490250246082
ZnS,4.106028438617,13.841082590135,3.975360162641
ZnS,19.059582017227,-0.074405420581,12.247905467119
ZnS,-10.266056872270,-3.806314071249,12.733969075742
ZnS,6.326839002265,7.390460619564,6.502325664201
ZnS,20.574670703290,-16.543193185225,12.334322720852
ZnS,-22.258159768484,18.030690249674,-4.422060813194
ZnS,18.213654783628,-23.921664065512,11.477813935358
ZnS,-12.007374388957,13.712296789984,-9.769290081102
ZnS,2.649795021985,18.018932474276,2.537527848043
ZnS,-12.182638982265,-20.571197719155,6.807229474563
ZnS,4.865135220309,-13.050504521011,9.808334912169
ZnS,19.108673355458,-16.388059625431,2.090957118760
ZnS,-24.000000000000,15.026840960378,14.000000000000
ZnS,14.474565765882,10.482583993540,-13.180003183666
ZnS,22.688442559628,13.497680051208,-10.887210927513
ZnS,-22.611764462293,-23.991578055054,12.238814403112
ZnS,19.211101756604,-3.395745049224,-4.820236512821
ZnS,23.458010911910,-9.002478761675,3.984992484233
ZnS,-6.643665976351,-11.754934880039,13.679427054967
ZnS,-17.507294512303,-15.733920074616,-2.259079597289
ZnS,5.758153651226,15.288811255697,3.083909837077
ZnS,-0.867878155118,11.270323176247,7.240237975013
ZnS,-24.000000000000,-3.490692313409,12.671016187055
ZnS,-17.675985603860,-10.388086613608,4.465529934793
ZnS,13.475004648193,11.178561079285,-2.767776874823
ZnS,1.293482243637,21.462716851865,2.168664381918
ZnS,19.866843673134,-20.240791316884,7.022178581310
ZnS,15.198404036923,-15.407540593233,11.834642414780
ZnS,-8.705175792187,8.054488294291,0.845488975422
ZnS,-24.000000000000,-13.658707848389,10.431673187100
ZnS,-11.902093653801,-21.974176358145,-5.239677481248
ZnS,19.165939268854,-5.886073723730,-4.797542321742
ZnS,3.758716335544,12.655949082743,2.274286983920
ZnS,20.870514371552,-10.842382264169,-12.236157132770
ZnS,3.900574748277,-3.942942907191,-2.186047820710
ZnS,23.788383707764,-6.050378720296,12.024091663458
ZnS,-15.259888145774,-10.378973112608,0.219977728175
ZnS,15.248338937709,-9.301531800821,-13.919175039258
ZnS,-12.758313034408,-6.132451755090,14.000000000000
ZnS,6.127287760987,13.558515726240,4.420032454415
ZnS,-19.220175332738,13.335753511237,1.670520039808
ZnS,-20.607958769363,-11.578364809281,-3.629440360866
ZnS,-2.359366856376,3.207756303622,-13.884092353343
ZnS,8.008833061845,-9.216989468985,14.000000000000
ZnS,-1.667488791263,-18.819795212477,12.600101391228
ZnS,6.380568348588,5.381483246486,6.706092891238
ZnS,9.389588385715,-16.227479704883,14.000000000000
ZnS,15.982793627633,-14.760543997770,5.349537611783
ZnS,3.095953574752,-14.715296627336,12.441157516074
ZnS,-11.920147415587,-18.026632265325,6.304357190567
ZnS,-9.145174535250,8.494148662824,14.000000000000
ZnS,20.617050188953,-16.042630206455,9.792905803519
ZnS,-12.410155735613,-4.704419946389,9.428369983484
ZnS,0.417630882949,5.953083358433,-12.473405391545
ZnS,16.838385959067,-17.316459592712,-4.760113272658
ZnS,-21.448032745733,1.774174731669,-5.370669485457
ZnS,6.518267316433,10.148789582202,0.940858410346
ZnS,-5.764416805760,-18.164686336584,0.565538176098
ZnS,13.469078148028,-4.761764678383,1.511008702363
ZnS,13.686256976625,12.460660437903,-0.437722960102
ZnS,0.460880785462,-5.366526033865,-0.174442390796
ZnS,24.000000000000,21.220485973273,-7.838112602763
ZnS,19.078903102138,-7.359434938668,10.599452745394
ZnS,9.671869610055,-8.670979997354,8.049381840473
ZnS,-1.822712204677,-23.925447016018,14.000000000000
ZnS,16.109201174872,9.203546806317,-14.000000000000
ZnS,1.777265732336,3.164891073494,11.840811448663
ZnS,-22.249333677052,-3.379275213128,-11.852385018859
ZnS,8.238440964295,-9.929557064798,-7.669103253605
ZnS,8.172769800721,11.569114134990,-12.000272171490
ZnS,-10.946218532144,-8.840503011434,4.004940146464
ZnS,19.726894811717,18.311471210561,5.609574437591
ZnS,-7.707223391842,5.695283837521,-13.867812830512
ZnS,9.169235908956,-15.887400219056,10.176619437452
ZnS,-3.921423340814,-23.876989898055,13.966745210437
ZnS,-0.737409638076,-2.635795287936,-14.000000000000
ZnS,8.315337343031,9.254543981247,1.167268028066
ZnS,-0.675278371912,10.823611403914,-4.247226620932
ZnS,-13.860670179527,-11.618047425688,13.927732676276
ZnS,-22.320166438364,-6.584654656985,-2.489833700122
ZnS,-15.753897553783,-14.079525081286,10.247896072370
ZnS,23.329533593785,10.129776478360,13.826711048758
ZnS,19.901545648472,12.752216552585,-0.178450944732
ZnS,-15.577055726396,-4.424215946395,10.948015091076
ZnS,-11.042298003971,-17.110925672435,4.418688590354
ZnS,-3.244599911322,-4.593773201303,12.240537480206
ZnS,19.331608876480,-24.000000000000,4.664415714117
ZnS,-6.206125667189,14.895840984938,6.532211388904
ZnS,3.967963327584,11.366391836107,5.893758035154
ZnS,3.961774443726,21.913230450804,-7.575735915166
ZnS,3.638576677368,14.709195646344,-4.610290230622
ZnS,22.308071875932,-18.354398151308,14.000000000000
ZnS,-5.920443970022,22.115708217650,14.000000000000
ZnS,-23.274251224382,20.079460288725,-13.779575607826
ZnS,2.571990109065,12.151628135332,9.130844385505
ZnS,-12.848587087461,6.071187417639,-9.567138263415
ZnS,-4.799025116697,-3.934323288631,2.442525739575
ZnS,5.267173160239,-9.904381576975,-13.997339589957
ZnS,-12.070755134324,-4.987292439722,-1.080843256094
ZnS,-17.964849783034,-10.795229047383,-4.408825935311
ZnS,-11.713810232187,13.550990978447,-3.717725789332
ZnS,-6.592945498359,4.821721276818,2.943189330662
ZnS,-4.230043937838,-9.154214590164,14.000000000000
ZnS,2.547725833723,13.498219985534,-12.050281821653
ZnS,12.736214229867,-21.038489635742,-6.327470102661
ZnS,-24.000000000000,-4.577754446701,10.968288543760
ZnS,5.380457211612,20.196081070731,1.562133685069
ZnS,-8.660346637771,-12.907581371531,-0.787532890400
ZnS,-1.278012017721,15.265029135546,3.973538910624
ZnS,-16.490809217224,-5.522849192231,-4.578479358742
ZnS,23.991948473367,15.985650383131,-13.837635333020
ZnS,8.782236784597,-6.880215215519,2.304110669759
ZnS,-12.685458302743,17.873851755581,7.565003035299
ZnS,-17.101757889746,14.493760021967,5.170251083212
ZnS,-8.867784973458,-19.839134233357,10.876469667586
ZnS,-19.989963297539,8.159530793310,6.102245568904
ZnS,-15.583209607561,9.665562896511,6.146173526148
ZnS,17.559549171765,14.196321372916,13.979271790576
ZnS,-22.024949380086,-16.660591719955,11.896499902972
ZnS,-15.308244018145,-3.184247349911,-10.513131967989
ZnS,4.605820268970,-22.275643776880,-5.341036988438
ZnS,7.582770261242,20.046050486514,-13.797755855164
ZnS,-11.560526034069,17.524126652394,-0.128105085626
ZnS,13.013016439696,1.765224721115,-6.681351076928
ZnS,12.625074450350,-6.674958326843,1.780317053894
ZnS,-17.000397336485,-3.511514178200,-2.024614356036
ZnS,13.102303415248,22.520033684470,13.947753930899
ZnS,-24.000000000000,-0.126819712351,-3.137483740359
ZnS,12.427978584059,-14.130084314370,-5.918825946561
ZnS,13.306815431863,18.109243059362,13.818841201012
ZnS,-8.726662941895,-7.804049760061,-8.327548349704
ZnS,-13.239133283008,-24.000000000000,12.285649360796
ZnS,-17.750405828945,-3.044146938309,7.450286690606
ZnS,22.053175029949,9.824744252951,-4.271622615265
ZnS,-12.084049682159,-6.903361364461,12.244382758782
ZnS,13.882901918558,-17.778365435590,13.946229278306
ZnS,-0.880921003545,9.298706511064,3.105338505951
ZnS,15.983614983914,1.931311579703,-12.335728032842
ZnS,-4.614098681066,-24.000000000000,-5.950268769223
ZnS,7.740483231937,-18.273442772720,9.242468564534
ZnS,-23.466387067176,20.059169276474,2.475173259361
ZnS,-9.128329349410,15.673352849945,12.494054618681
ZnS,-0.034912203523,20.341244138047,-0.457134796155
ZnS,-20.012948162039,20.235238934576,2.675234856028
ZnS,12.556408690226,4.729776527768,-9.251115670333
ZnS,12.889198680169,-14.134561220152,-3.952190885594
ZnS,6.478511914285,-9.950695141605,-5.758281481958
ZnS,-14.914448562277,-18.896007560082,-0.230391550375
ZnS,-4.259386624480,7.929512794530,-12.748884854231
ZnS,-11.187448236199,23.875585464300,9.505788776252
ZnS,-3.941167842462,-20.669973361237,5.785351875630
ZnS,-10.269765238079,-19.423573778487,-13.925032370966
ZnS,20.186277619165,10.639015792268,12.380170612433
ZnS,-15.023464433414,-16.648622149113,-13.890511494557
ZnS,24.000000000000,-0.178203364638,-3.476799003231
ZnS,-7.915184047980,-8.793588586839,-0.869563776824
ZnS,-9.424061178029,17.937767653734,0.248804207107
ZnS,-21.923543718692,21.776124454753,1.901402593759
ZnS,-17.552108677944,-1.383488032755,1.720456214935
ZnS,-2.457708416402,-5.095296092204,-3.244823089089
ZnS,4.910871972914,-18.614426249880,2.377246607920
ZnS,-5.261052450994,-18.988754441615,14.000000000000
ZnS,-5.151062232302,1.713786920248,-7.086513252249
ZnS,-24.000000000000,2.876559959075,-2.658829127639
ZnS,-4.854544764677,21.901475417192,-13.892408184143
ZnS,23.668610360503,13.747880488079,-9.138762982770
ZnS,-11.757379632508,-20.044355536452,0.984308820623
ZnS,17.399891497792,13.138265670601,12.265962916978
ZnS,-13.496755671999,18.477381175156,-5.321098627708
ZnS,-19.276454006776,8.426782287035,7.973042232293
ZnS,-14.735969808884,-5.833854270396,12.125255061205
ZnS,5.325939850552,24.000000000000,0.986423001234
ZnS,-16.590290313552,3.394071208269,-3.004381702467
ZnS,19.407300205045,-15.780442627203,-4.643897024444
ZnS,-2.278846066339,-22.123454227232,8.963513828682
ZnS,-3.084039187483,-10.836946752050,-8.259048974626
ZnS,-5.046818064701,-15.158102780414,13.982529340577
ZnS,22.248544748728,0.936477655199,-13.357392991163
ZnS,-24.000000000000,-19.977371304890,-5.776956308424
ZnS,-7.748610375025,8.396227143261,3.801068328789
ZnS,16.491994069832,-14.384597535966,-0.146883293780
ZnS,-5.495479997979,-18.693481327557,12.015496677643
ZnS,9.780005280415,-15.464319839748,-8.893916718808
ZnS,-8.227783638024,9.582931992174,-8.642601324624
ZnS,-6.773480330948,23.931173127191,13.488567370765
ZnS,-18.576315908357,-21.997017651212,-13.783151176553
ZnS,8.941978589180,4.251895178352,12.002450873145
ZnS,4.890371749931,-17.731437648751,12.031708404186
ZnS,-23.522241853788,-12.746864452459,0.554514966747
ZnS,-18.841450849713,-12.530486880982,-3.860329787587
ZnS,18.687988960981,-24.000000000000,-3.422761323056
ZnS,11.364332137663,18.879372428201,13.948963764398
ZnS,-15.322315257475,-22.373002807935,6.523079294119
ZnS,-24.000000000000,-15.558033539808,7.088307815717
ZnS,13.207756411883,-0.120557302105,-0.403985194997
ZnS,0.972431776677,14.416994440807,8.849839438152
ZnS,-8.693763136898,-19.655965457154,-2.395271412897
ZnS,-12.000129696920,-13.565161257407,-10.559040535882
ZnS,-5.660482763808,-2.862290274679,0.962986827099
ZnS,-6.714004511620,9.700586029292,5.310361002942
ZnS,-6.983978087556,-17.972277602377,7.453503158128
ZnS,2.175033104073,-11.659817426588,-3.896504973217
ZnS,-2.155438428365,22.147642034349,-13.667410445260
ZnS,1.404688580383,-6.797587859362,9.952891724166
ZnS,-8.029584163858,-24.000000000000,13.705331605006
ZnS,-14.635291941509,4.343273120748,-6.297492826408
ZnS,14.164841884448,-2.308980050214,12.987373667156
ZnS,4.322891965249,18.045974022460,1.303554047429
ZnS,8.116471902055,-18.666896574710,3.677171858294
ZnS,-1.511372811414,-14.574231209983,-6.626485434040
ZnS,15.146478927624,0.838589161253,12.534672460023
ZnS,-8.408009331002,7.059822963777,-2.798405624030
ZnS,-6.885386341374,23.840800187039,-6.738769623208
ZnS,20.261967929605,-7.961621231412,12.122007026554
ZnS,-11.985761791694,-24.000000000000,-4.057630066448
ZnS,-22.540582023553,-20.855707613444,-8.544096210931
ZnS,19.942861288443,2.699169913777,4.895043046606
ZnS,13.906534699468,14.653239145631,-2.836693759109
ZnS,17.670422846796,10.549783088676,8.817707759856
ZnS,-2.850306265743,19.661332454466,11.952234596904
ZnS,-4.003428340729,-20.569507345905,14.000000000000
ZnS,-9.578457716062,6.143778192762,-13.253211423839
ZnS,-15.832536020633,19.346914247999,-6.204155447156
ZnS,-9.913317824892,-1.209619829802,-12.297705537183
ZnS,3.478910789563,-19.422239252684,-5.742191898354
ZnS,-24.000000000000,-14.390964890043,-3.465646395132
ZnS,1.254909416863,-21.694212629230,8.900424183604
ZnS,-2.448112084442,-17.111956451983,-10.412651875022
ZnS,23.856745111598,-6.257950969807,-8.943306650315
ZnS,24.000000000000,-1.218435608111,13.438793195696
ZnS,-7.986649197419,9.050885076753,-6.708905435162
ZnS,-15.620153656342,-0.546026342953,1.431141842116
ZnS,23.377542009634,0.620068935632,13.998120448237
ZnS,-5.838616942565,6.139494418675,4.275428785874
ZnS,19.144448491665,-13.591966270155,7.545110857524
ZnS,-23.967515162800,17.518584167563,-9.396375480021
ZnS,-16.355735941678,20.124147486580,4.036839525301
ZnS,5.915178571061,-24.000000000000,-12.122928622408
ZnS,13.712360576415,-21.654511542672,-9.167388887973
ZnS,-10.400207402707,-20.273064432667,3.197438810375
ZnS,10.414433377100,24.000000000000,-5.861896107863
ZnS,24.000000000000,10.446416907699,-6.900483867924
ZnS,12.768555876319,2.107488177337,6.009216552960
ZnS,2.356006446125,17.524928579270,14.000000000000
ZnS,13.500309339388,-5.726267650978,-0.263578004790
ZnS,21.502557229077,0.116297832549,12.136762783117
ZnS,16.443121074395,-18.705228794275,13.116771419178
ZnS,0.123210609584,3.325382025320,14.000000000000
ZnS,18.819991376486,7.718359194257,10.758728023348
ZnS,-6.100358401409,0.222866388162,-0.319173105801
ZnS,-2.575619829289,-23.967023468140,-7.984915135714
ZnS,-8.925097049144,17.832004448425,-13.972989585342
ZnS,20.848629783057,4.752071321042,4.819245281759
ZnS,15.215277769919,21.801537639824,3.707779699359
ZnS,13.028348408728,-8.282126357127,0.624990234009
ZnS,-2.863435002980,13.216598891791,-2.500092113044
ZnS,19.550289824348,18.241050013289,-11.453369485293
ZnS,17.370450187079,9.981642802549,2.571793234319
ZnS,13.997059891204,12.892887917373,-3.855635607602
ZnS,-10.193217646749,1.071650009980,-12.472620383536
ZnS,-20.268314741496,19.556838362656,-13.662321065919
ZnS,15.201399349378,-8.322097528806,-6.223629603024
ZnS,-7.787853290274,22.738333393453,-12.356995525165
ZnS,11.728489538532,24.000000000000,14.000000000000
ZnS,-10.255129030573,-18.696023598377,-10.147073548672
ZnS,13.945237807510,0.178341149018,-7.517574917108
ZnS,0.598008336135,23.880608298651,6.020232225046
ZnS,-1.431103955240,-6.850672686954,3.910153379390
ZnS,-24.000000000000,7.786195403867,-3.129187717974
ZnS,-21.120792166815,-17.368279875321,2.037895143566
ZnS,-1.433436096165,-14.027242468109,-11.903730902629
ZnS,14.739139529342,19.541330347776,4.647121219994
ZnS,-1.161327023254,-17.956163155588,3.924363432882
ZnS,10.964189039289,5.556987987119,-10.179015522544
ZnS,-24.000000000000,-2.396347498554,-12.110122096006
ZnS,-7.459850632934,7.602559381869,-8.251052069781
ZnS,14.009331279932,-7.495987928286,-1.093870818275
ZnS,-6.105666178860,8.850964938092,-7.417660641382
ZnS,6.611084584991,11.205692566402,-7.390153646057
ZnS,-7.235583100027,-3.605194550446,10.779358546739
ZnS,-20.177449775740,-12.911911474827,2.541136693940
ZnS,4.783932185813,8.696413693465,-2.365681992257
ZnS,-4.230662529300,-2.747862913608,4.368164898192
ZnS,23.671322611421,4.951788931274,4.923962320841
ZnS,-3.102534581784,-7.245152974488,-3.343102221487
ZnS,3.653210993169,11.138209122916,13.904035972625
ZnS,3.611073192954,-1.223268896816,9.633957219472
ZnS,-12.065394428009,17.298109439308,-4.520522168867
ZnS,10.522415522713,-0.513648889612,3.846661612316
ZnS,17.426227038534,6.170175823724,-8.146351787491
ZnS,19.030494578070,-7.901593673998,8.644983183154
ZnS,6.429150188368,-3.964703986568,5.033245848316
ZnS,0.819757501772,-17.116730510797,4.415662915692
ZnS,21.006931382923,-14.826814294748,-13.946323747268
ZnS,-22.010994350380,18.150586421805,5.744189280678
ZnS,-18.734062027614,-18.025842652828,13.801511620689
ZnS,9.657825765886,-14.169547868647,-10.439567901674
ZnS,17.358355528337,6.938068663007,-2.125270305430
ZnS,16.636440566619,-10.148822232347,14.000000000000
ZnS,16.272439188771,-2.014651882441,10.462346758662
ZnS,-21.458151723085,-5.900052068213,14.000000000000
ZnS,-0.367222118627,-10.941416409689,-14.000000000000
ZnS,17.558939903632,12.035654809713,5.780680347405
ZnS,-20.507025133147,-15.070553579460,6.109708756298
ZnS,3.595644196092,-1.293282304861,-8.825752407257
ZnS,-5.601583465980,11.753451771250,10.786203637287
ZnS,-15.402376590137,16.043520662606,-5.055866459380
ZnS,16.115588315217,1.959919633832,10.710111498403
ZnS,15.368960760952,-22.270617879688,-8.181070796386
ZnS,-23.954467566686,21.678479856582,1.370632592069
ZnS,-0.233350518920,21.827634529036,0.896255613003
ZnS,-18.859152147032,24.000000000000,-12.140688336885
ZnS,-22.319347342870,0.500263850235,-4.066231399276
ZnS,13.084796322818,16.562558775380,-12.081188092843
ZnS,24.000000000000,-17.059633449098,-14.000000000000
ZnS,4.414868718536,3.732536350824,6.976166621872
ZnS,1.419372867669,19.059583862421,-11.550745404480
ZnS,-10.817331557111,11.590567978310,-12.768824754406
ZnS,-19.303954742426,-12.674057779087,-7.370089789419
ZnS,-12.441582932017,-11.314124906787,3.292624235119
ZnS,6.284585659442,-9.562756038532,0.196095131392
ZnS,14.831657813884,-24.000000000000,-1.770893302960
ZnS,3.969211360865,-7.680679923265,2.821834838950
ZnS,-4.544806910709,-23.570692838418,-13.963725111181
ZnS,-24.000000000000,4.522581358534,4.471572552874
ZnS,-14.218492006072,-14.310418654029,-11.458426865582
ZnS,-16.824260004936,-22.303979001681,-8.119631266451
ZnS,5.147565042172,20.023045708739,-8.100480761007
ZnS,0.355340974861,4.041464620584,3.720407296647
ZnS,-15.597730370167,-4.285255654193,-3.255161656416
ZnS,-16.013075874377,16.317935349567,-10.472274474552
ZnS,20.382463655880,-7.499509801947,4.897469877362
ZnS,-18.669408963282,5.115074625183,13.970658270560
ZnS,21.470371524705,-22.280168159783,-1.404541405493
ZnS,-7.208528743882,-18.142983828531,13.870748300900
ZnS,8.831548419126,-10.234101202618,3.502944147968
ZnS,2.175697621800,11.617456317777,-5.464907393437
ZnS,10.304062938914,-24.000000000000,14.000000000000
ZnS,14.903695306497,-4.089707333728,0.257768184936
ZnS,-8.259854372006,-3.714282446211,12.516991017213
ZnS,5.470914155138,-19.033475881572,-1.112625596465
ZnS,13.871751230672,5.043898258363,-7.750582608691
ZnS,4.877003795357,6.027335067523,5.346080141381
ZnS,21.874138199718,-16.370665208386,13.920704109059
ZnS,-12.298584995691,24.000000000000,5.020485958298
ZnS,24.000000000000,0.723899240670,4.603805430635
ZnS,12.876207509360,-23.959646610650,10.814088774194
ZnS,-15.835787344392,-23.887646134416,7.777994042213
ZnS,20.719955260670,-13.080422099930,-11.971339515909
ZnS,1.768192696483,-6.425983165724,-5.794328727046
ZnS,-12.822645133485,-9.886666085774,14.000000000000
ZnS,17.466430825857,-2.336475161640,-9.568229070670
ZnS,-2.720409760524,-8.770257168457,7.168258485842
ZnS,-10.862314334665,-13.667497942219,0.219107371511
ZnS,-8.680855857323,-17.514705647081,-10.601551915787
ZnS,-6.833076085074,7.485290828255,7.705462907319
ZnS,-10.026332243179,6.531825126550,-8.003538205502
ZnS,5.382164778531,-7.363118775778,10.173358292474
ZnS,-19.173675709937,-8.475912263840,-0.922772442738
ZnS,17.165263199321,-15.227642166130,-1.854625714672
ZnS,-10.326707054033,-19.471644369347,-3.569970784002
ZnS,16.123764292311,-5.376315436489,9.456237543252
ZnS,19.828065033012,-15.427768734582,8.037956764453
ZnS,-4.962193959695,0.456833018409,-5.516546588528
ZnS,-20.709094512292,23.982917642306,5.019077725795
ZnS,-11.905530194757,20.321080738800,-13.515772681718
ZnS,-7.380800240455,-0.335121434665,8.036251353198
ZnS,-0.100582905319,11.461474191321,11.002536301721
ZnS,-4.842545611898,-24.000000000000,10.175537676133
ZnS,4.335945986167,-6.773927358903,8.457262958166
ZnS,5.175773578212,-10.459391698441,3.561595561740
ZnS,19.024022350669,7.975228630431,-12.787161932412
ZnS,13.121491869598,-9.576430274201,-9.736891745054
ZnS,17.414499947300,-16.963956103330,-2.856371366711
ZnS,-6.876581651173,22.219976431050,-10.630355194903
ZnS,2.158940404319,3.223453713589,4.118258925430
ZnS,7.091434562870,-18.040225975954,-1.896789519819
ZnS,-14.784560611213,-6.764113354209,13.989836601148
ZnS,-9.202328684290,-22.432255789834,12.938028651304
ZnS,-23.907817056873,21.793072722752,3.412785591221
ZnS,-1.035160759219,-9.022850249845,-13.981622389873
ZnS,-21.361466202406,4.033303584651,-14.000000000000
ZnS,-12.643182118960,20.222379056034,-4.765478340527
ZnS,-20.158057805667,22.061085311759,3.647802282628
ZnS,-11.593618372391,18.326101058030,14.000000000000
ZnS,24.000000000000,-14.048356822659,-1.530654576769
ZnS,-13.228231395050,11.503788001252,12.303216699791
ZnS,7.996292176301,-22.245640806979,1.334606267319
ZnS,5.735778514507,2.087403196775,-12.627318747318
ZnS,1.354166330598,-5.003289630645,-13.976891019780
ZnS,-13.660930678412,-1.018016445322,1.569235340283
ZnS,11.513694595424,4.116723935522,-1.747603959225
ZnS,8.119600241128,4.650028379708,7.569449012988
ZnS,1.856446142642,-18.508521832436,6.948698467364
ZnS,13.680981961601,-5.905658992687,7.499526691576
ZnS,21.297870817680,-2.768156519422,-2.430634262223
ZnS,-6.269236256397,17.166506329360,-7.159815893571
ZnS,19.564159476624,2.772363406199,14.000000000000
ZnS,-0.135171889199,-17.302429072692,-5.131776719274
ZnS,-2.530972774488,15.121023256789,-14.000000000000
ZnS,5.196772386876,-13.875059913279,7.279805497662
ZnS,3.710470679531,3.306297837204,-4.935060393977
ZnS,-14.960837396021,3.034512083533,-10.140058792895
ZnS,4.165183226329,9.197915459479,13.672638286341
ZnS,-22.813397721374,5.491537347748,14.000000000000
ZnS,3.328468194032,23.928480808526,-4.036251477038
ZnS,8.120671697894,19.430601934421,-5.301910784722
ZnS,-13.011884083734,-11.720224780588,12.097562830257
ZnS,19.289059458561,-19.408805172716,-4.940111023043
ZnS,-15.428386477685,16.249012978069,5.540637242531
ZnS,13.765003787086,9.729681903332,14.000000000000
ZnS,6.100162025325,-5.685860233123,1.752482783980
ZnS,-8.866726305366,-6.046308773728,4.423516908152
ZnS,-17.750493729354,-16.255716194531,14.000000000000
ZnS,-15.095548496298,18.057495878314,-14.000000000000
ZnS,20.553418270155,0.045409893004,-14.000000000000
ZnS,17.124099650336,0.501581546094,12.298363674796
ZnS,-7.818512540074,-17.751944797282,-2.106928449973
ZnS,-10.544580097209,-23.835436641290,5.228914825476
ZnS,2.990974166943,-22.253028652107,-3.391526445836
ZnS,5.964410989324,-5.072702003634,6.657054810055
ZnS,5.157607353485,16.111379236844,-5.873396221410
ZnS,-23.903549823453,-23.499303887260,5.911024738374
ZnS,18.104836656126,-22.472070138410,8.039259462205
ZnS,-3.686990941903,-18.974638202042,-13.633122029222
ZnS,10.194599745250,1.990507972133,-10.192880052692
ZnS,8.060986013407,20.287367507687,12.047815494155
ZnS,20.090052613095,-4.562524277608,12.803715726784
ZnS,-6.835113814695,-15.538894952407,-5.293962789680
ZnS,12.460963924025,15.930297231550,-10.180359250719
ZnS,-13.133759524978,-9.459122198966,-13.845314694659
ZnS,-7.343475671565,-23.567678801141,4.922882655345
ZnS,-0.193416073214,-6.246935445030,11.900858915846
ZnS,23.332707685261,-20.093561750123,-14.000000000000
ZnS,4.833003778493,2.570602642283,-8.587627495739
ZnS,19.107614485579,-15.891051916358,-2.606093403919
ZnS,-11.134158748670,-22.351261771230,-8.411458652318
ZnS,-12.206303676262,15.151906136248,4.158045885838
ZnS,4.903976612546,19.921413185421,8.400603378469
ZnS,-21.975245334100,-17.629077822598,-12.286345394640
ZnS,8.131169911310,13.803392906213,-1.612073575618
ZnS,-21.866876398273,1.926123715721,9.249027611190
ZnS,2.441362180541,-16.045829794142,3.864328500024
ZnS,-15.011262785480,-2.688796809287,1.362701261598
ZnS,2.255082242651,-11.347543805573,-7.310169812969
ZnS,-10.517715662109,-3.010167040422,-3.719142759805
ZnS,14.831017274967,-23.153099767864,-9.931089461105
ZnS,22.044645286946,14.405346758197,-14.000000000000
ZnS,22.041191470335,24.000000000000,2.559721531226
ZnS,23.987288451760,10.365883721136,-2.750714126565
ZnS,17.837425189161,-20.596815819710,-5.725935062665
ZnS,7.513843950584,-22.083707200931,3.605893887102
ZnS,10.690668505100,9.943691893883,7.101984013143
ZnS,22.848162573539,-2.110561358816,5.524462896438
ZnS,-16.225333822324,4.804397382513,13.533557955343
ZnS,-12.373560348450,2.944833226783,-3.490357077773
ZnS,-21.370741720200,-4.176652567117,12.144531678678
ZnS,18.871301842373,10.140322529136,0.614334615494
ZnS,18.004798013627,10.393438270119,12.346003471729
ZnS,19.435799213263,3.844529707768,-2.665100386101
ZnS,-3.893833224573,-9.379752328596,-13.974718676187
ZnS,-8.114124862805,-8.963306921602,-4.974058035793
ZnS,9.970070320888,14.904973495225,8.462732005938
ZnS,-3.353863502179,-0.992208552931,3.889312822412
ZnS,-6.088009829787,-2.185537213564,-11.601698450335
ZnS,-12.241827467688,-24.000000000000,-8.043855577969
ZnS,-13.323846522073,20.357733556846,-8.842011910627
ZnS,-24.000000000000,1.734644140358,9.482094935830
ZnS,22.141263368876,16.002125676318,0.713837394480
ZnS,14.367471040169,-19.308550681964,9.357451136603
ZnS,-17.637471056206,-1.696321706834,-1.408489607401
ZnS,2.701613961671,17.937040247470,10.538903546198
ZnS,-3.016934153168,24.000000000000,3.995625105269
ZnS,13.860561823859,-23.844355359641,4.505436416447
ZnS,11.363453704165,2.790370123073,-7.358763435289
ZnS,17.303001148361,8.455795115178,12.004750713964
ZnS,-14.474873278864,-5.419452409161,-4.502914824424
ZnS,-11.828762351840,-19.371545388059,9.560044835583
ZnS,19.445672166258,10.241181074094,2.847574003473
ZnS,-6.478689259240,17.981696973693,-1.344018554225
ZnS,-14.539509077018,-14.729255745112,-13.487746846886
ZnS,1.546469058716,-18.858814268448,-5.939921767207
ZnS,-11.106447923738,-16.619215951051,-8.265159918674
ZnS,15.912463857118,-2.280638561998,14.000000000000
ZnS,12.377219309528,7.247124396146,11.717757222111
ZnS,23.743032675632,-18.409070174611,-1.098170908134
ZnS,6.117006148315,19.686744504938,-5.312539633189
ZnS,0.787054946897,22.275350552524,-10.023983015997
ZnS,-22.040335594494,-10.190152915436,-3.948126580400
ZnS,-6.392304477010,-7.669442933459,-3.428763518991
ZnS,-1.852476150786,-4.390505614028,3.639674982109
ZnS,-3.086450274436,3.134121130729,2.253532121199
ZnS,6.561580311078,0.362243835565,-0.574857866102
ZnS,-19.327447328516,-2.759881686834,8.680137453443
ZnS,-1.997821787117,11.424042597584,-2.843388948636
ZnS,-11.737802003743,-20.006794662862,-11.898881911113
ZnS,24.000000000000,-23.686631259791,9.281650602672
ZnS,-24.000000000000,-2.900111586988,-0.000507934400
ZnS,-15.439174130595,3.229454678886,-14.000000000000
ZnS,10.413481814984,-20.656814940064,12.016949431107
ZnS,5.403673273076,-1.549284414318,14.000000000000
ZnS,2.793041682087,5.302774117611,0.685353578048
ZnS,7.631001099022,3.088876500592,5.865591473754
ZnS,-2.583000931858,22.953415675693,5.667977078841
ZnS,8.363615581302,-4.904659810275,2.352408591590
ZnS,6.079853041732,10.817125106934,-5.480391044578
ZnS,-12.674300132249,-12.207025441230,-3.486280265240
ZnS,-4.261145217773,-7.082045461400,9.087219063830
ZnS,-2.371175256902,20.966997872651,5.967431827235
ZnS,-18.876190496573,-6.426840394532,1.773793490416
ZnS,-11.457871006373,1.745158821740,9.528490068804
ZnS,-1.831822731533,-0.923489546107,-14.000000000000
ZnS,-19.523873571107,-5.605979980159,5.355710901407
ZnS,-3.303902135946,-14.045329512115,-12.866318534582
ZnS,21.732186734415,24.000000000000,-2.897662358938
ZnS,-8.804159215283,1.284332499977,0.377586247969
ZnS,-15.047678991579,4.697493863157,-2.961685880982
ZnS,14.445783047150,-17.239631334404,5.134562263073
ZnS,9.972778108460,1.433601200704,3.812944256566
ZnS,14.969296436323,-12.339698563711,2.289941476902
ZnS,11.647459460471,20.295671894874,4.445836447587
ZnS,24.000000000000,-17.910083206162,3.600878478722
ZnS,5.603805611818,-12.533531487111,2.918315251024
ZnS,16.785020167259,-4.102462808269,14.000000000000
ZnS,9.166430717273,-19.092060489355,12.294085301155
ZnS,15.608095219620,15.491287437058,-4.358369768198
ZnS,-19.108821642025,14.361400010938,12.041167783773
ZnS,-24.000000000000,-6.481058686869,-1.353818547506
ZnS,6.108271429475,-20.211656316658,2.695081506644
ZnS,4.319076549344,23.916613108823,-7.009046207355
ZnS,11.893334147512,-3.208648891783,7.749552062834
ZnS,10.115284653851,5.820310746120,7.771225560003
ZnS,2.254222312724,23.104806625426,10.122609793414
ZnS,-22.585524213513,5.162875467941,11.126473435780
ZnS,11.820940821086,-17.581555725884,14.000000000000
ZnS,15.523181316199,5.748819799850,-8.676702804121
ZnS,5.867076585830,7.393671229327,10.893483604313
ZnS,18.527019979710,11.924386551502,2.199764561046
ZnS,16.239402860626,-24.000000000000,-3.915828344996
ZnS,22.136913947420,11.415311079797,12.823985187503
ZnS,-11.910641597165,19.440510494923,0.406019496579
ZnS,-16.969206832081,13.763234205044,-12.213346623473
ZnS,19.381073998260,23.975577365354,6.507590507584
ZnS,-17.289513956661,18.927504321783,7.612266246769
ZnS,4.744265304247,-11.142899835924,10.461660812918
ZnS,-5.648356348008,-21.974215977924,-0.634032751521
ZnS,-18.112045765682,14.215233789648,3.368234498748
ZnS,22.379567361975,21.373328575323,-0.226133303995
ZnS,20.114667836257,-23.763640251180,-14.000000000000
ZnS,20.716042683519,13.984374191640,3.976180459426
ZnS,17.497406979721,-24.000000000000,9.212656034872
ZnS,-20.527135242572,-11.311873054739,3.723505932872
ZnS,-11.160167583308,16.942514877118,8.506543934668
ZnS,-17.656870237985,-23.770582661396,4.119528051068
ZnS,15.630390121015,3.020269359137,-14.000000000000
ZnS,21.161559424459,-19.574317085873,4.670035910918
ZnS,-15.377646523941,20.103327365413,-12.865254253851
ZnS,0.495842865784,20.855416065111,-11.500958222036
ZnS,9.827070899785,7.513028539876,-3.506895855707
ZnS,-4.323838655366,-8.761688231723,-10.494541434995
ZnS,7.937121840022,-1.881212571485,-0.998352919619
ZnS,-23.629398989819,-19.895308340452,13.605049344367
ZnS,-23.160766721836,-14.055571595107,13.949474591032
ZnS,18.983104790896,-17.647404380704,-3.999760620530
ZnS,6.196153265441,6.289410281861,-13.948380218991
ZnS,8.305273690718,-11.609082325916,-12.186501680111
ZnS,23.890453604369,-14.568816381633,-8.077308997868
ZnS,-9.310913575590,12.700121700576,-11.997571255405
ZnS,0.861238073347,-15.540085611005,-2.508911421804
ZnS,-7.220142204556,-19.744800539559,12.041273682116
ZnS,3.118979940651,9.470723112358,-11.490238851444
ZnS,0.300916538027,5.871355286268,7.038116238057
ZnS,-20.215810140257,-1.280641029328,13.841558575624
ZnS,-8.972426584213,24.000000000000,13.472068623770
ZnS,-22.249853030057,-0.255709148158,-13.711778396844
ZnS,-17.238564158553,5.336649464699,4.542676757636
ZnS,7.704656154495,15.166199835417,-7.992499129472
ZnS,-7.210863320815,-3.214519328750,-14.000000000000
ZnS,8.601449130822,-5.018418362317,-14.000000000000
ZnS,17.208400734279,-3.774182199450,10.036868476431
ZnS,8.279736997297,-9.797254376661,0.425656292954
ZnS,0.248174819023,17.423875005902,-11.744452227433
ZnS,-8.067940892615,1.068238476270,-14.000000000000
ZnS,-11.654057918820,-6.055729085035,-10.421469520106
ZnS,-16.617697162426,-21.994813444672,-2.330541485101
ZnS,24.000000000000,-18.265831069867,12.900029756920
ZnS,-4.185385740783,1.007199569383,-0.844673541785
ZnS,5.495065757386,7.801542089317,13.067689129635
ZnS,23.889805684245,23.575704173041,-7.035966970097
ZnS,13.046668608746,2.403039980534,10.015129391475
ZnS,-24.000000000000,-1.222306795693,-14.000000000000
ZnS,7.651622005708,-15.560631748707,7.548974953064
ZnS,10.614493977686,-1.724524636928,5.515824936884
ZnS,13.717613012088,0.911276956209,4.686806202118
ZnS,-19.230843687060,19.576346578446,7.514390522726
ZnS,6.888566504133,24.000000000000,-3.971477873444
ZnS,6.491262747046,2.489431385314,-7.407704364810
ZnS,-5.611391342849,-14.109217762331,-6.121086482748
ZnS,11.957986227822,-15.810471227503,-6.936570232140
ZnS,11.288498034858,-2.100979946988,13.560610631019
ZnS,17.002723021010,-0.580128914048,14.000000000000
ZnS,-15.364520842772,-2.218673276357,-6.461102130272
ZnS,-2.426887670042,-10.767946171845,-13.937455928508
ZnS,0.910668133881,23.898767639753,3.987117917168
ZnS,-9.011124228087,-16.972900514363,4.809421559884
ZnS,23.968163020830,-10.364477602192,-14.000000000000
ZnS,14.627627634066,14.272426857491,4.996865682267
ZnS,21.976213040621,-17.945091737508,3.796901297350
ZnS,-1.410012679745,-13.920481607005,-0.182910431885
ZnS,16.513337763439,16.577244206366,2.993925479132
ZnS,-3.506649561674,-16.464998206731,14.000000000000
ZnS,22.239779068430,9.838521177780,-14.000000000000
ZnS,-9.120069157124,4.229044494321,-13.778881609466
ZnS,23.937872729465,14.247672630014,14.000000000000
ZnS,9.686423997806,-0.103400097970,8.405525503639
ZnS,6.358551060952,11.704934492935,-11.091486762635
ZnS,-14.083225246428,10.283879651903,14.000000000000
ZnS,2.424218485623,-2.820870940338,9.081006777689
ZnS,18.623670747181,-24.000000000000,-10.607409400177
ZnS,21.979542715816,18.739648180576,14.000000000000
ZnS,4.008244521122,6.623258311316,-14.000000000000
ZnS,-10.537831836997,-1.894115769444,-2.035519025661
ZnS,-19.808696984996,-10.876294233402,5.560491896927
ZnS,-14.854798825423,-0.896687638423,-13.821140035804
ZnS,-4.072537094843,13.390248319370,11.744362242872
ZnS,11.169113857341,3.866272944272,0.413902348633
ZnS,-14.289686127591,-0.235711288587,7.902161403589
ZnS,0.223845804539,14.538337517348,-12.182365488219
ZnS,6.801028606266,-17.387444414096,7.689139289098
ZnS,-4.442113765498,-21.333856366853,-14.000000000000
ZnS,6.895633330290,-23.953679466304,1.518648828952
ZnS,13.800280857933,18.264226584581,1.954654704893
ZnS,-11.287113258313,1.792571749406,12.054773419372
ZnS,-19.209711534030,17.741168835019,-2.684857351612
ZnS,1.614364719856,3.135349696683,-4.704390271159
ZnS,-8.351716705832,-7.775710628659,10.030364663757
ZnS,8.336692551984,16.222609651213,-3.995021212710
ZnS,-11.622998039482,19.059120801245,-3.466843845455
ZnS,14.351822500464,15.089119087867,-12.632568304421
ZnS,-14.341922900675,-17.972106224708,-10.790612628517
ZnS,-16.574676752804,-8.463895643293,5.163767802496
ZnS,-24.000000000000,3.856800115270,14.000000000000
ZnS,-1.847799312706,10.013654584223,4.728419098616
ZnS,-17.971053684290,-23.915217509430,-13.969072834129
ZnS,-8.285280855117,-12.269516253883,1.091986927793
ZnS,8.358323023915,-14.057185084660,9.221579944700
ZnS,13.144995208421,-6.748964521918,9.255075730149
ZnS,16.292645672829,9.489757253053,-8.641553193998
ZnS,-22.204648414395,-10.535801341403,2.880381716029
ZnS,21.824019528064,-24.000000000000,0.932336284230
ZnS,20.739030670426,22.061297856520,-5.759078781922
ZnS,-24.000000000000,-7.383006573733,-11.519905634367
ZnS,8.623079184988,11.283229055570,12.201506046589
ZnS,-16.003287654011,-14.574197985589,-1.571033219539
ZnS,-10.776960716954,-14.764508364792,1.967773923691
ZnS,9.889291492285,-18.184696192430,14.000000000000
ZnS,-21.894749675626,-21.988159692259,-14.000000000000
ZnS,2.682051528099,0.041862221784,-7.616150236287
ZnS,-3.633353615511,-11.822050283383,5.230527993824
ZnS,23.988284451506,-19.960034770872,14.000000000000
ZnS,-24.000000000000,8.532364948951,-11.018355048528
ZnS,-13.721009751301,-7.240559193554,-4.945247986827
ZnS,21.912012580709,-14.448270885053,10.429030557837
ZnS,14.861355013620,-5.512095538960,-14.000000000000
ZnS,-16.211116010337,-0.481611253877,-2.251297456599
ZnS,23.941767812296,0.991106355510,10.173065621662
ZnS,-7.540540762621,14.326031603428,-3.430994319839
ZnS,14.372910047517,6.156099999827,0.070977427089
ZnS,19.627583217670,15.726440883008,9.327106803197
ZnS,-0.502866678245,-2.345001602082,3.801584622386
ZnS,19.394497586107,8.710460346880,9.095575450527
ZnS,-11.965446486153,-12.874560796032,10.702734879748
ZnS,-22.920303135451,-22.308088675362,10.370267452215
ZnS,-23.505801870838,6.659591462384,-11.591842171057
ZnS,-15.766022086573,-22.449666510802,4.066098838826
ZnS,-24.000000000000,-16.911428251565,12.251665884896
ZnS,-5.772928618079,5.533174485541,-13.298245167383
ZnS,-0.582845926800,14.275483838201,-0.302854583377
ZnS,-0.202179632171,-11.774174638606,2.801201223227
ZnS,-24.000000000000,22.167620234994,-1.900204703466
ZnS,-14.092900093563,-18.523947472259,-14.000000000000
ZnS,-2.156312961809,18.625753587627,-13.849809187008
ZnS,10.526045031358,15.247687338708,14.000000000000
ZnS,19.411300870630,-9.432710612641,9.906355790206
ZnS,-17.619972393695,-8.826308723629,-4.117603696942
ZnS,23.905288874688,-16.444440626475,12.017950834787
ZnS,11.017948021905,-1.393980450289,7.604373334159
ZnS,11.022792604611,-0.539729775790,-4.210882452904
ZnS,-15.780712118560,-12.063476714515,10.409386001946
ZnS,11.280226790252,22.289346865059,4.534370742740
ZnS,-4.644774083177,-14.990724047229,10.128809005833
ZnS,-16.065293957297,-23.866263184492,-13.301178613726
ZnS,24.000000000000,10.027196343818,-4.770903128351
ZnS,-5.736614448770,7.259999660191,-11.544746564499
ZnS,23.326731271505,16.922698275794,-11.740215567929
ZnS,22.445316159876,-24.000000000000,-0.989743158604
ZnS,22.402139480283,6.687881867016,7.775990060977
ZnS,-23.868099234981,-11.841686845476,13.943363557731
ZnS,-8.342540805146,22.041359172827,10.314429942297
ZnS,-8.724965559203,13.410700187935,12.422210011751
ZnS,6.852435643158,17.550860022000,-3.623410844485
ZnS,14.617342490736,-10.088479326034,14.000000000000
ZnS,19.873004662912,12.802842863138,-7.570752658996
ZnS,16.480227931468,23.063642626818,2.765764949806
ZnS,8.467980271424,-12.539437044456,-10.353507654690
ZnS,-8.753961461813,-8.724430085656,-2.935641014399
ZnS,24.000000000000,-12.998211800387,-11.996088316613
ZnS,-4.531187900501,-5.909183596329,1.845969754271
ZnS,9.956299885278,10.975031668392,8.675972528629
ZnS,24.000000000000,15.575614353255,0.047816259715
ZnS,8.758632567003,-14.317996135876,6.404080458894
ZnS,6.081014713751,7.429148334824,-3.353132208962
ZnS,-3.291642100961,-6.312595833241,0.302861158276
ZnS,-11.813984056061,-2.919190735534,8.691847007225
ZnS,14.029377052061,10.674599641025,5.287558887948
ZnS,-3.918588275406,-15.608105136190,-13.992035616180
ZnS,14.162866582167,8.663010643187,-14.000000000000
ZnS,22.291797973462,-14.300741858551,14.000000000000
ZnS,-8.827167697789,-18.916512634036,12.942276468716
ZnS,-1.135580874372,22.017800420818,10.588649571799
ZnS,-13.914640970170,-12.877895343722,-14.000000000000
ZnS,-5.555992481616,2.026969447559,-4.238993058353
ZnS,-0.682003735210,5.709903607664,8.973956539032
ZnS,13.249679039882,19.721708944379,-10.809926613744
ZnS,4.376169925056,-4.502596982738,5.501318789789
ZnS,-8.802051947353,-24.000000000000,6.251811947764
ZnS,-17.155466871827,15.669884964857,1.823564929260
ZnS,10.256936696786,19.141459411769,-4.809414763195
ZnS,-6.164188798499,-16.657353482212,-12.291810280334
ZnS,-8.456689856579,-1.691280322903,6.852398318153
ZnS,8.069953225134,24.000000000000,12.788738157730
ZnS,-3.673292208730,-17.244362849505,7.785894384782
ZnS,-20.199183050628,-16.713494927611,-11.990192807045
ZnS,11.156426851663,-24.000000000000,-1.225839815640
ZnS,-17.345675969404,-3.789109455360,9.980303606522
ZnS,12.946674784751,10.018723774936,2.016584140117
ZnS,18.499301828273,-20.916422789379,-3.844400984099
ZnS,5.770260639670,12.654772391283,-6.261623591958
ZnS,-5.651095537279,19.103219195479,10.165943905695
ZnS,1.188560363548,2.410925820567,-11.783610682555
ZnS,-12.157213840831,-4.695441396048,-9.015464968031
ZnS,5.705092851946,7.354501458319,4.058938452158
ZnS,19.607089974870,-24.000000000000,2.465682064097
ZnS,3.912833919622,7.893838337429,11.815321946986
ZnS,-3.723508024311,-5.270057022228,10.292642046132
ZnS,10.805923188463,-22.046575141941,13.887451890780
ZnS,19.970475124734,18.735477163306,-7.233705087881
ZnS,-20.554947522979,-12.149452445364,-10.103872362043
ZnS,-3.211006859747,-9.472716850499,8.997537071343
ZnS,-10.741838581727,15.071692851323,-5.511077866702
ZnS,-9.828683103640,-5.363255851178,-0.104093445377
ZnS,19.433225240284,-11.192316066241,-14.000000000000
ZnS,20.211079563870,4.233555316476,-4.501798499204
ZnS,11.702524901218,13.099116777157,0.093471311307
ZnS,-5.784273474163,-11.803113834834,3.517394343271
ZnS,-2.649756436106,1.666291075518,3.969192335553
ZnS,16.183406981527,-3.682800450044,11.794779350557
ZnS,7.667598123803,13.166765071605,-10.612061112425
ZnS,-19.039709084377,-23.097271426197,-7.407017578474
ZnS,-22.917207465719,-5.442648942053,12.437953852982
ZnS,6.965595765042,-8.254632662213,-4.775163748204
ZnS,-23.980826384974,3.804410321377,11.970453904262
ZnS,-14.090812541818,-21.949973303467,-5.479086055648
ZnS,-8.083983078433,13.737887120307,-13.755959673771
ZnS,-10.646826735703,7.547412169604,1.457919557238
ZnS,24.000000000000,8.549804131826,-7.596568801082
ZnS,8.590536516547,-6.900472200089,-10.487411413125
ZnS,15.891755355408,24.000000000000,11.521224901621
ZnS,3.772574465189,-11.856780811130,12.285441551403
ZnS,0.306480293598,23.667890314437,10.084185898827
ZnS,6.879640998401,-5.541510964709,3.816349890295
ZnS,3.478002445878,-10.081510394440,-4.132969527587
ZnS,-2.364248429427,11.940577973836,3.000148176442
ZnS,7.257019141801,8.786516256551,2.967871840210
ZnS,3.546234669616,14.969331561506,13.896528079627
ZnS,18.023012177499,-16.263952678392,8.388640874556
ZnS,18.480553028502,19.680837167840,-13.083526594387
ZnS,-2.266262205920,13.117770572753,-14.000000000000
ZnS,-5.512245489935,-5.751023103301,5.937335409633
ZnS,18.625438499264,10.250689142577,-9.754019590142
ZnS,2.155006387057,3.500437231799,13.906771455367
ZnS,14.125652774511,-10.454276545621,-3.544874529309
ZnS,-23.688335253749,-3.913138577060,5.949757319067
ZnS,1.656516665272,11.428872633660,14.000000000000
ZnS,11.715478498560,-4.552951637281,12.633866498118
ZnS,-1.628324543471,-17.358837666422,14.000000000000
ZnS,22.299435329080,13.979962652679,2.721888636488
ZnS,1.213606860749,-23.989979772690,-9.466776044270
ZnS,6.095812968460,14.226052700874,11.635058939589
ZnS,-6.972068504877,1.346508462983,-9.521126197810
ZnS,23.912328971357,-12.704197908686,-4.518950590711
ZnS,2.742880961735,-11.573196493528,14.000000000000
ZnS,18.086484092325,17.515391077019,8.949371211671
ZnS,-2.513047484439,-24.000000000000,-2.300580297886
ZnS,-6.035307625851,-7.402454369920,7.055535384304
ZnS,2.721794848210,21.597386602538,-4.271341898702
ZnS,-24.000000000000,-21.926253550529,-7.036784993064
ZnS,14.699710095048,-1.374121316977,0.128035906828
ZnS,12.471152068168,5.713722022574,9.862772433510
ZnS,19.335576271772,19.149911840296,-9.661178396882
ZnS,-7.100731772169,-1.197524639452,-14.000000000000
ZnS,-8.238825752627,-0.451313637060,13.999185244843
ZnS,21.906335662206,5.318687267600,9.217857859404
ZnS,-19.375852068727,3.631014140612,-13.990715048379
ZnS,-10.265916905833,14.083819530855,-10.723063732407
ZnS,9.276217651841,13.169758481160,7.695925419591
ZnS,13.620066343775,14.041814863675,9.018829027766
ZnS,20.983634632379,-1.768893927253,6.291549582688
ZnS,-15.017663796970,-8.876796726056,14.000000000000
ZnS,-11.698650802486,-1.295385382889,5.317813867553
ZnS,-6.280825466569,-11.519756004963,-8.954279243538
ZnS,9.350134234495,4.157304537987,-14.000000000000
ZnS,-5.498653737996,-20.613918789571,12.642529272110
ZnS,9.708646092602,10.376963656269,-12.548233030684
ZnS,-23.970377639702,-15.836058208253,-12.000253376860
ZnS,-0.602252961393,10.506229498139,-0.203405130539
ZnS,6.441530459502,-19.741882263824,4.631224765486
ZnS,-0.198262127502,-14.227680576787,-13.575555706791
ZnS,-12.333498027469,10.597137559828,10.685522585390
ZnS,12.438166312068,10.871247836911,6.683207112660
ZnS,20.541352059893,6.196547432644,7.162426253487
ZnS,9.629942365012,-13.246057316641,7.877907573636
ZnS,23.492365936555,21.841479125363,-13.875979800135
ZnS,2.473861946971,-9.808085168261,-2.401688062710
ZnS,-3.315366014646,9.203849667835,-14.000000000000
ZnS,-5.216161995730,7.456991702932,13.067727131915
ZnS,-8.528187521273,6.526832848758,8.377705868319
ZnS,-14.384086104921,7.400859948628,-0.109930009378
ZnS,3.642582606281,-15.286488843231,1.890834225308
ZnS,7.599272079899,-1.422630463160,3.110645313085
ZnS,-4.990703369379,20.562654870096,-2.422480450154
ZnS,2.862642569151,-17.160249875208,5.830606434707
ZnS,24.000000000000,-2.260677049152,7.663562263864
ZnS,-6.963173817691,3.456306052245,5.673047069920
ZnS,-2.159555551026,-11.524192678232,-11.088591140598
ZnS,-1.984332271361,6.544033932573,-13.989096405380
ZnS,-23.906572832401,-23.934643168081,-1.988211654488
ZnS,21.109357072572,19.372943033150,6.634328163553
ZnS,8.116504458726,-20.419940287129,2.631686588686
ZnS,-3.819765247466,-5.360662547250,-14.000000000000
ZnS,-19.689138024084,19.138526536344,14.000000000000
ZnS,-22.735683783279,23.989556378774,5.136167587727
ZnS,-8.353456636954,-2.475897771848,-12.506911992308
ZnS,-2.290145740312,14.186811660947,12.262982608280
ZnS,-1.367413016096,7.338164849550,3.105238406768
ZnS,15.096345821781,6.298837373336,-6.747639830557
ZnS,0.538449949334,0.919487822510,-10.586379123285
ZnS,16.906314669474,13.105991703712,-14.000000000000
ZnS,3.747551246656,-13.421501960074,2.659733119955
ZnS,-13.096918229084,-3.028419439443,-8.368634324576
ZnS,-1.682529270900,23.960088166391,10.325882402275
ZnS,-6.730110198261,5.443526946216,5.950591021562
ZnS,-7.238253904957,24.000000000000,-4.524601195012
ZnS,6.939418553488,-6.115019000503,-4.262023560765
ZnS,-9.449092786688,23.992859218866,-11.889114967383
ZnS,-2.665634415383,-9.842315949623,-10.090806741278
ZnS,-2.653971328257,-23.469442939611,12.190898612286
ZnS,-11.760033427596,3.627664403062,8.861205004483
ZnS,-2.351444727054,14.115880030491,-12.245884429002
ZnS,-19.293761055835,-9.091110421118,13.980369757135
ZnS,-14.036986365550,13.243738405995,-1.026766534819
ZnS,-12.072176953864,-24.000000000000,-0.618155724173
ZnS,-24.000000000000,-22.185439263476,-9.040087418897
ZnS,17.485926708027,-2.385906577598,2.370087193535
ZnS,17.734036932989,14.823723597801,-13.333162419342
ZnS,-18.118023880113,20.723816929629,-5.606995250527
ZnS,0.986721971209,20.138798680824,-13.383302606903
ZnS,2.808877101221,-21.250136904447,5.579051265389
ZnS,-17.786113925911,13.077039030646,-14.000000000000
ZnS,9.861637099612,-19.188507238543,-0.395123993391
ZnS,-23.916633294033,-16.791590480626,10.236948483659
ZnS,10.046563963271,7.373266117130,-10.011195913248
ZnS,0.721280233354,-15.119764421294,4.703462557450
ZnS,5.182653529845,-23.552492725772,-14.000000000000
ZnS,-0.852568370416,17.934996691489,12.131277716152
ZnS,4.389833485904,10.679798209235,-2.658326429255
ZnS,-10.375869752578,-2.819599772357,5.403950186327
ZnS,-24.000000000000,-11.696020549077,10.909431574087
ZnS,19.377649374574,1.907129411617,12.018226122356
ZnS,13.020281064894,19.043559096580,3.653390427049
ZnS,-16.159458772480,3.844497982610,5.372986633783
ZnS,-7.290920008900,3.537695005809,7.664617898312
ZnS,-18.352485109568,-19.243501928995,3.955261273431
ZnS,-8.755016042377,20.116886766868,1.211814566850
ZnS,17.597576878732,-15.254469095068,-3.916812421341
ZnS,-13.210907339367,-13.579581985803,4.723510150687
ZnS,-5.416788812739,-2.584561216012,-2.881917705101
ZnS,-0.366006506267,2.047262812799,4.362588801031
ZnS,-23.973071461779,15.414157079670,-4.949139186493
ZnS,-9.923160224319,5.727266834104,-3.087110434330
ZnS,7.354471811584,-7.971788931724,0.832149244602
ZnS,12.260344822921,-6.468373056585,12.295222825820
ZnS,-15.967138169346,-12.195075999731,4.354170775369
ZnS,7.668684485184,2.222934635782,14.000000000000
ZnS,6.137905077573,-0.914114508317,-2.093361950867
ZnS,10.375465518759,-2.596519764997,0.198905297136
ZnS,-13.353535566407,-19.647765874392,-1.408912362228
ZnS,24.000000000000,-4.754898113978,8.049938610030
ZnS,-20.860028264332,23.770863873045,-7.627395034027
ZnS,-17.409047373392,4.865260030318,2.410540897461
ZnS,13.917750784704,16.339056744582,0.623705947574
ZnS,20.863958611346,-16.379455477983,-1.735968827941
ZnS,-24.000000000000,-13.194903265090,3.368730667491
ZnS,-1.974506914863,20.099515525948,0.202970480201
ZnS,0.071093134481,2.845844515700,6.165811090653
ZnS,-3.298149747854,-2.153099923095,-10.059943588716
ZnS,-12.545571050299,-6.155758894744,-3.644567598520
ZnS,-9.354252022541,-4.897255747605,11.299097776315
ZnS,23.967146779981,-13.345319833680,4.423807211890
ZnS,-0.120849710655,17.801402902023,-3.648913478321
ZnS,10.168104348817,-12.892259727041,9.792484685730
ZnS,-1.845335066069,14.952486302907,10.353954497892
ZnS,-14.262370214580,4.910713868014,13.998176225919
ZnS,-13.999890304252,-12.926924361986,10.813772202885
ZnS,-18.664484836544,5.080294488887,11.099121605379
ZnS,-24.000000000000,8.083315802706,2.496510256783
ZnS,7.776868449590,23.940821735916,-0.312973953615
ZnS,-24.000000000000,5.835829030110,12.401928618112
ZnS,-14.906271533103,-16.215284192916,-9.968732899231
ZnS,-5.159183172660,2.469965755769,6.267591420918
ZnS,-3.654176253878,-7.373863515415,-14.000000000000
ZnS,-21.455371107032,-16.062349455730,10.028607817245
ZnS,5.056290373046,-6.486001263559,4.450690828094
ZnS,17.559077876592,-14.159868167445,8.660675764695
ZnS,4.047044336159,-0.052698566136,13.986501644773
ZnS,-15.737535463290,-3.957517740791,-0.312955019313
ZnS,0.477154645332,17.430756139218,-1.755395186061
ZnS,-2.388912587598,9.564362489137,-0.169767837345
ZnS,24.000000000000,-14.303309749709,12.476173178603
ZnS,12.948354950306,-1.036926251427,14.000000000000
ZnS,15.220417023801,5.993038838598,9.348798040979
ZnS,-1.349285919714,-3.214963190896,-8.433499701261
ZnS,-10.396067444133,10.845882787936,10.170852397493
ZnS,-5.076133530124,16.909908306631,12.534200752081
ZnS,18.580713864792,-20.631902650872,0.710257774005
ZnS,-3.163221437765,11.544330817340,4.812613037495
ZnS,-12.367671730749,-8.303182431152,-3.600956907402
ZnS,8.984771963041,1.620098970454,5.564932050857
ZnS,-5.293619210147,6.016408714352,1.256949066002
ZnS,-4.973266546463,8.566250855874,-4.117879867773
ZnS,20.570116059462,-5.736770028060,3.171702762295
ZnS,-1.309868121397,-2.419024516044,-10.297471526352
ZnS,-1.237504699406,-5.236879561106,1.156435523804
ZnS,4.428952003227,-1.299423340654,12.197183582281
ZnS,-2.527593041165,19.039521763978,-11.488355840644
ZnS,11.911357130435,-6.369739447221,-2.045745325668
ZnS,-15.663044249510,2.871612086749,13.790578076553
ZnS,0.198399252155,9.627080796857,1.429739030293
ZnS,-18.894529763789,-4.932119301430,9.224268103817
ZnS,-4.490583787941,9.035782752487,-6.165412343609
ZnS,22.383138067498,-3.400077897265,7.253782802780
ZnS,-18.997891717244,-18.984177202187,2.058790863495
ZnS,-23.879334184455,-23.996097828285,13.914177257094
ZnS,15.050444308077,-6.614272139757,-12.317783861471
ZnS,-15.595822014847,23.822621835228,-3.524391487109
ZnS,19.423533054683,21.978429514206,4.181883233058
ZnS,-8.231944791360,-7.547923682259,1.480471109399
ZnS,10.802687328922,12.251219145521,-1.758830743194
ZnS,-2.994963286645,20.025817941390,-5.476789698147
ZnS,-4.421130951310,-1.710098120579,2.331758954360
ZnS,-13.574751584691,13.683663935948,-2.943326327647
ZnS,-23.890104863661,19.809048466937,-5.748377302519
ZnS,-14.164984433033,-4.850198079901,-13.950241371447
ZnS,-20.320844770379,-19.190938234493,9.286710986098
ZnS,9.194417007861,-1.962484154986,6.932566346783
ZnS,16.237358631335,8.290082887041,2.761396410083
ZnS,-9.754811979935,8.466999337975,-7.491896948929
ZnS,-15.161654561851,3.303697649552,11.882094282288
ZnS,-2.171597900510,4.759785654872,-7.395180144923
ZnS,-2.629859793126,-23.976025864626,-10.110290780865
ZnS,-1.362523935830,22.767947845866,8.726883461435
ZnS,23.820357930342,19.148862089980,12.085442359538
ZnS,-12.769065358301,-20.329511731516,-6.573601992504
ZnS,13.879781227478,1.411905709117,14.000000000000
ZnS,16.598679621261,0.811538468127,-13.900401441825
ZnS,-6.778111069010,2.735399246189,-7.710547918012
ZnS,24.000000000000,12.456035386593,-12.235519486414
ZnS,11.788836728935,4.521393570125,8.319646515872
ZnS,-22.158274978260,-23.992768275568,-3.147953183360
ZnS,4.573432569731,-3.475311401091,-4.076501375350
ZnS,17.032632961044,-20.529170053932,14.000000000000
ZnS,-15.280875777182,20.795677899324,-2.412893488870
ZnS,19.450141236642,-19.444343272286,-0.786259879907
ZnS,-8.835317765801,-2.402785761517,-1.062081196051
ZnS,3.630602969826,7.254798873971,13.810194762414
ZnS,-3.131221059808,8.237061253723,-4.878732501979
ZnS,1.750317498961,4.085484044692,2.226729416943
ZnS,-2.812687177135,-23.955107965573,8.165773514063
ZnS,0.325000979926,16.082898961962,7.908567826867
ZnS,-15.058195339258,-11.964581565702,12.293155835022
ZnS,-3.158685074031,-6.911535107500,-5.334570405221
ZnS,-23.915586544012,-15.900868364398,0.426198931202
ZnS,5.658633668127,-19.340611017251,-3.100294864248
ZnS,18.371146073212,-22.293066887419,-2.371707330099
ZnS,2.692076069648,-2.468582756722,-5.824017194589
ZnS,-20.102042326944,24.000000000000,-13.923976213400
ZnS,18.973837304329,-22.836897753870,9.952755112402
ZnS,24.000000000000,15.167704232117,-7.740663946611
ZnS,23.989464585772,-17.805583018184,10.458715287663
ZnS,15.646109381402,12.681200854838,5.711773917054
ZnS,4.698067276656,13.248112416393,5.813365774186
ZnS,8.968059006678,-0.738972780204,-4.537339001696
ZnS,17.993808932700,7.469088628515,5.047913314010
ZnS,23.961538275157,11.101946967398,4.562803647019
ZnS,-8.424135305775,5.066105526897,6.986251964784
ZnS,23.979235180833,5.639206950097,7.073530142251
ZnS,-17.658207353428,15.889438132810,-9.381251227415
ZnS,24.000000000000,-18.551499400766,-8.564470681674
ZnS,-15.190268824795,-3.732736246428,3.082743106794
ZnS,20.223520222342,5.520590970325,14.000000000000
ZnS,22.514122053826,24.000000000000,-1.015609830871
ZnS,-17.139370102636,-7.199068810658,3.056278496039
ZnS,-23.956922149086,3.445546665234,-13.667697428111
ZnS,8.193869395947,12.685671322596,2.437854875410
ZnS,-0.614953442251,14.566607574248,13.359644108489
ZnS,-1.333719547919,23.916176956604,-7.201184129350
ZnS,-14.008706924034,-7.899818305734,-12.407262222554
ZnS,-18.968603152916,-4.776530444762,7.211633479436
ZnS,-1.658136491372,-4.774549388128,-5.071898953006
ZnS,22.202278725670,-7.847784441739,12.736907284384
ZnS,20.769666228100,-8.505520409061,14.000000000000
ZnS,23.013762164365,20.142558298882,-6.443191065729
ZnS,-11.996261858426,13.283880493947,-14.000000000000
ZnS,10.672006958971,9.510512929497,5.102299619132
ZnS,15.808045915910,22.312638103134,-2.959504470859
ZnS,22.948550770691,23.408972380236,-12.268608676768
ZnS,22.121593842121,12.557184884080,4.237741915979
ZnS,1.990919068628,19.832268539635,3.135934947068
ZnS,-20.373689297400,-15.034783745769,8.191566435906
ZnS,23.992028418400,5.779732051720,9.090365231293
ZnS,10.908055962697,4.868949804001,11.827572085130
ZnS,1.891459567066,-19.440825046679,-9.433445639995
ZnS,-13.664904651133,11.141115902248,-6.067969718432
ZnS,11.250280403512,-8.141465524820,1.573192563634
ZnS,-12.644878112313,11.927725353364,-2.579445406138
ZnS,-21.397466298854,13.754740485321,-11.330784376653
ZnS,-5.330845098996,-10.720076723425,-2.471425218821
ZnS,-1.638766920080,8.299423077403,-8.751654582642
ZnS,9.345292619907,-18.244821800338,10.469093565538
ZnS,2.387727296101,-13.350037239621,-9.195914666400
ZnS,-4.190837206564,-5.711166802304,-4.079908500271
ZnS,5.723500114464,14.607943462945,14.000000000000
ZnS,-9.527286522788,19.038547286998,-7.546559479374
ZnS,5.308782031354,-17.406956896731,-2.604969803929
ZnS,7.408436879377,-24.000000000000,-5.950619731028
ZnS,-13.991815145352,17.454468961649,-3.425169887642
ZnS,17.446731091093,2.488897909351,12.134414852856
ZnS,-22.085478475349,-24.000000000000,-0.614282436288
ZnS,-6.944413242230,-2.272216481397,8.407231784528
ZnS,-6.883130126599,19.916485842424,-2.136850740778
ZnS,19.636918847878,-19.507780298325,-2.941131385330
ZnS,-1.468242461213,-8.781327374480,13.905194851125
ZnS,-7.372415356984,-7.175673188340,5.558500660443
ZnS,16.225509115760,-21.355401755884,-0.141184916805
ZnS,-10.116420026956,19.461196630242,-13.890046919468
ZnS,-14.113349377103,-1.786263835910,-0.267269692541
ZnS,7.173763836444,-8.081101512813,9.040794686416
ZnS,5.771302808932,-0.228892246236,11.129902542016
ZnS,-0.774432666309,12.852130058421,12.303458594914
ZnS,21.372168032302,-24.000000000000,12.441512449538
ZnS,18.180556671138,-17.667231663955,13.017590899324
ZnS,-1.775419181628,-6.601530580510,-13.851951792013
ZnS,-20.486918807600,-4.379697466652,10.337602765628
ZnS,-19.435370597913,16.995891784762,13.993549159639
ZnS,-4.992421643954,-13.886834462500,-13.963670355758
ZnS,12.315270558490,17.865001637496,-10.742579652826
ZnS,18.173633988122,9.178156913851,-11.405062322795
ZnS,-8.271237956399,9.082822030406,-3.593131810542
ZnS,5.296925931059,-5.253817698219,-5.090550354715
ZnS,-18.962673466023,4.291920118626,1.236033598562
ZnS,-23.979883350105,21.868263346190,14.000000000000
ZnS,-18.201268755262,-7.324065381737,5.531712119322
ZnS,-16.505546817137,21.621046729343,-13.721402780819
ZnS,-1.043726692068,20.311699697495,-13.838082981125
ZnS,-19.283001194452,-16.337160752295,7.098582652883
ZnS,-12.446700457136,15.917878845070,-1.026244067430
ZnS,-2.229043010384,-8.553413402243,-4.613182671401
ZnS,11.443935699791,19.387099349059,-14.000000000000
ZnS,6.094814844951,-19.174043505072,8.493406706798
ZnS,21.003048223465,15.410828312150,-12.591284819529
ZnS,-4.814677792408,4.214558464542,0.479555923592
ZnS,-6.135282659766,-16.458862382022,1.581914192585
ZnS,-19.522074765597,22.260961656852,-7.737851531964
ZnS,14.515559259190,-24.000000000000,1.186157535248
ZnS,8.319285001878,-6.120886573578,-12.331066313545
ZnS,-0.139094083240,-13.551176245791,-3.269292969284
ZnS,-23.924894259348,-5.473920070323,-3.135359281239
ZnS,-17.825285371905,-0.087111097926,6.340789470833
ZnS,16.533126974739,6.107937844624,-0.478977446803
ZnS,2.708915718086,15.232063250435,8.216841751549
ZnS,-23.893695573979,7.598576069973,-13.339126613556
ZnS,-20.801397238311,23.805190375612,-9.646260180505
ZnS,24.000000000000,20.559216500568,8.335534800202
ZnS,-24.000000000000,20.872801923730,-12.026113850817
ZnS,9.159626261671,-24.000000000000,-7.345767744790
ZnS,-6.075007842555,13.891125388822,-13.900654003971
ZnS,-10.527753723467,-19.180382754520,14.000000000000
ZnS,4.756675238143,-2.668469376092,-10.188457690552
ZnS,18.504692604764,-7.044465402660,4.308139899449
ZnS,-14.797168324066,-18.767618318983,-3.617060981909
ZnS,-13.105064359209,5.848218505922,-0.931855513325
ZnS,-24.000000000000,1.990942666380,6.056640930345
ZnS,15.453052116001,8.490568930994,9.817884797978
ZnS,8.209749608737,-5.736076512722,14.000000000000
ZnS,-1.813433030396,-9.987296770983,12.285219420110
ZnS,24.000000000000,-19.704317938607,4.549522967170
ZnS,-17.958127876392,-17.764940808557,-2.882345265546
ZnS,18.682602535380,-5.159797907990,3.601581633726
ZnS,19.976501718885,14.443108921647,7.782683475290
ZnS,-15.217174242751,-7.795326366777,12.163586394469
ZnS,18.077272009646,-1.225529128729,10.909854187538
ZnS,-6.419590624641,9.071472592761,-5.434424844008
ZnS,-19.034056479435,24.000000000000,9.873338839436
ZnS,5.377583506804,-10.892958455014,-4.323141017200
ZnS,-24.000000000000,-24.000000000000,-8.001922605806
ZnS,-23.990971147816,-24.000000000000,-12.058517909569
ZnS,-12.908346661422,24.000000000000,13.923248232182
ZnS,-0.849591310112,20.381514946593,-10.070705079728
ZnS,1.548989009749,-15.178163189136,-13.927827889184
ZnS,-3.387101466355,21.628470591732,13.798594716162
ZnS,-14.252104666834,-23.636705610644,13.995124746466
ZnS,-8.088623050078,-14.805357348048,4.263159591295
ZnS,23.989231086387,-16.056009445321,4.408165667430
ZnS,2.426842943066,9.161884074329,11.301230354830
ZnS,-17.502756581577,-8.759856814825,-7.378760367785
ZnS,0.941927675283,23.510626093744,2.005005664713
ZnS,11.999908014827,8.747421376197,14.000000000000
ZnS,-3.369138756242,14.120311852717,1.392812791435
ZnS,-10.218269465428,-12.231358958690,9.462125242009
ZnS,13.997528841475,-7.719539387904,-13.804401035520
ZnS,3.212223309068,-18.087876151814,0.768338695505
ZnS,-6.902609531987,-17.442988470028,-14.000000000000
ZnS,-10.993344355549,23.906387491153,11.992466092814
ZnS,23.985306722544,-23.935959255141,-6.572136973936
ZnS,-11.183977352483,23.988481264602,-5.279741563033
ZnS,-0.094609338418,-19.102699454395,1.820225074999
ZnS,-18.429930052321,-20.462495527421,5.588273254470
ZnS,-21.825631064774,21.627775470464,-14.000000000000
ZnS,-9.330860061381,-7.394105454410,-0.207464069999
ZnS,0.078368558541,-18.364674764168,5.820432469086
ZnS,3.159293763646,-17.155833809426,12.899146339455
ZnS,20.660704206557,-23.910010626459,-12.060049954984
ZnS,-24.000000000000,-4.964314220047,-5.378346752696
ZnS,22.069151217128,-12.032685697943,-5.036854177181
ZnS,-9.839055258567,6.247305937234,4.554276927584
ZnS,23.817716833587,23.981016430731,-14.000000000000
ZnS,3.061606658478,-16.128016123685,-0.586082571760
ZnS,-6.880400036928,-1.259575122422,0.809676264458
ZnS,-22.500268569806,5.636829555676,5.239459409248
ZnS,-12.687585846168,-22.284697527114,-7.074610221960
ZnS,-11.769660647084,-18.520625973271,-8.423855309867
ZnS,-22.298126762194,-0.601221885942,-2.158189678429
ZnS,-14.869538302547,20.676670201865,-10.640611613382
ZnS,-21.145856098676,9.653819577029,-5.827209075754
ZnS,15.670185775212,-22.070643636910,-14.000000000000
ZnS,13.716844798965,-0.549604840598,12.101768073949
ZnS,-13.380399991863,14.046207648378,2.601901912552
ZnS,17.166199816707,-13.164700799856,-1.608969593301
ZnS,-0.802408057817,22.036862924000,5.225229395997
ZnS,-10.308193151416,4.302182462455,4.277154275030
ZnS,5.927040104387,-2.067144685861,10.307118865975
ZnS,-18.424572517297,-22.294956008872,-1.392183766643
ZnS,-7.668732873414,-13.569154199233,8.582643743834
ZnS,-6.096745222720,-4.823173988313,1.175139873377
ZnS,-7.224272208114,-8.686217352067,-7.305295012477
ZnS,23.822755665303,12.938604390300,5.568210159387
ZnS,13.830257145560,0.594833767730,2.694929073102
ZnS,-16.649577991335,-3.996549439841,1.489003505267
ZnS,-14.818547710956,15.436613558913,9.702567543854
ZnS,21.204367895721,9.990907342050,14.000000000000
ZnS,-8.993994767604,11.705277993479,-10.250663169881
ZnS,-13.987034006670,-11.249683940087,-12.806649804459
ZnS,3.500184199327,-19.508369990300,6.333208427458
ZnS,-5.380729780466,-20.280880121099,-6.122742162820
ZnS,2.208532813705,12.313061312781,1.025384423266
ZnS,2.111284815931,-0.399851316117,0.948027526539
ZnS,4.864972930660,-24.000000000000,1.417953617460
ZnS,-22.087317723910,-6.991962818396,-10.895380941466
ZnS,-1.634155377505,-0.112854934493,4.614111765544
ZnS,12.317087560844,2.661640198032,-3.229624523339
ZnS,-4.573458581533,-8.261735241325,-12.435710194094
ZnS,-21.504214323784,16.550640904929,9.095708389258
ZnS,-23.717239542902,23.871473908288,14.000000000000
ZnS,-12.598738242624,-4.953377153238,12.358609664730
ZnS,9.683922365983,3.738153337161,10.180345133672
ZnS,22.797882268774,-13.181564646120,-2.903237427223
ZnS,6.645265184308,21.823852752039,-14.000000000000
ZnS,2.454991061109,-7.810083231177,8.054524959200
ZnS,-23.983431853231,-15.899770241264,14.000000000000
ZnS,-10.337152002007,15.676840221403,-9.138916247537
ZnS,-11.379077765513,-7.611326953273,14.000000000000
ZnS,-3.144686633123,9.715838800503,-12.006246750443
ZnS,-11.521059105594,-13.651973634437,12.513408837919
ZnS,-9.121409194678,21.365598818275,7.065554498371
ZnS,9.688189794423,14.345819181008,12.398428312600
ZnS,-23.994032609657,4.593043571786,-9.727477365034
ZnS,-12.599695171229,12.152694239345,2.675209242698
ZnS,7.486639660911,-9.684688816714,-10.029796160711
ZnS,4.746427358558,-9.361369883185,1.921348676358
ZnS,1.674964385598,15.290714883330,10.534275171466
ZnS,-6.545406084551,23.787488302793,5.514937829943
ZnS,0.666088739561,-24.000000000000,0.781070378362
ZnS,22.127451540280,-9.941606131735,5.180003467830
ZnS,-0.632534387626,0.452315756537,-12.164650949738
ZnS,9.789929333088,18.170855713362,-14.000000000000
ZnS,-24.000000000000,-1.240908231313,4.233136728638
ZnS,5.447928458955,4.090981694713,5.240836775851
ZnS,-2.103040012973,2.070172023124,11.251535309624
ZnS,3.610172253779,-23.276341126021,5.040795074570
ZnS,-17.948775222176,12.300118020357,-11.222713704817
ZnS,15.976397075264,-13.080024430620,-14.000000000000
ZnS,-15.165177407694,-8.741249636275,1.617965936893
ZnS,-20.858459028815,-10.690928607073,9.879910918689
ZnS,11.006755764265,11.062072770153,-13.982960905882
ZnS,-1.319383163541,0.398915138821,12.174372324867
ZnS,11.044846614871,-19.359113901326,10.603532189734
ZnS,19.225187345664,-22.512924835279,-9.379734701642
ZnS,-5.578804520411,11.369152652644,5.223159852184
ZnS,-17.185159392123,-19.829140634680,2.342407161017
ZnS,7.878635088863,0.045147154499,10.610411451156
ZnS,-20.614956518445,-7.100239957645,-12.321980370840
ZnS,17.220466598866,16.706826453624,-5.254540738822
ZnS,-24.000000000000,-24.000000000000,0.029928011664
ZnS,-10.665265125460,20.437214904530,-5.114891103624
ZnS,-13.536862208590,10.787590373177,-8.052667241065
ZnS,23.940572729203,11.269170248322,6.957516667691
ZnS,-3.652228754337,-2.747644735292,0.778134448531
ZnS,12.509633813547,-1.288735681504,10.660682830445
ZnS,-24.000000000000,-3.189365850959,-2.846212866725
ZnS,17.261740108577,1.272321655929,-10.402131221366
ZnS,14.550589613327,21.823067604380,-10.372172360378
ZnS,21.322011610966,-19.909009467039,-13.941334277345
ZnS,10.416006778060,10.170432648000,-5.518075989071
ZnS,1.295779946202,10.869379717802,-3.807643078901
ZnS,2.325196236507,13.423388326272,7.352478189227
ZnS,-0.243348428198,23.997411340475,0.281365705857
ZnS,-17.077827565206,-22.099695571791,5.561892813442
ZnS,-23.149088741798,3.435041115184,10.164002355129
ZnS,-18.159767611423,-20.092721143929,0.592817552450
ZnS,18.891122622349,17.647970920362,-2.423600368316
ZnS,-13.814166252755,-18.897652630320,1.468658779906
ZnS,9.331357279861,-22.575327724010,-14.000000000000
ZnS,17.710889932178,-18.954823876014,-2.686088793120
ZnS,18.604770371138,-9.679155094857,14.000000000000
ZnS,-15.504513594274,23.995896804880,-10.928822117364
ZnS,10.819316938774,3.701013851773,-9.318638996730
ZnS,14.582975294160,0.938769458889,-13.957360774910
ZnS,-5.454290625461,-6.101183352883,-0.555019402906
ZnS,-4.495334220025,-10.615711649187,-9.688218853022
ZnS,11.480420234418,-7.435614640110,14.000000000000
ZnS,-2.193042314208,-2.520247680938,4.893827602285
ZnS,-9.980446296990,-23.970409363999,-5.197888552617
ZnS,2.927794831265,-24.000000000000,-2.379350846515
ZnS,-6.622051259242,-5.764696834318,-2.421141102561
ZnS,18.312605280207,-24.000000000000,-8.361794948063
ZnS,-22.084328425693,-16.013937177351,-3.385332776000
ZnS,7.790715305822,-19.561637402904,-0.766872136979
ZnS,23.943622078096,11.343479894126,9.120536919107
ZnS,-24.000000000000,-18.803623353125,10.078294490936
ZnS,8.015566247983,2.823847839056,10.859339251826
ZnS,2.578946613641,-2.467109188248,-1.791568742702
ZnS,2.781212904375,-7.816342854525,-8.942083871773
ZnS,-2.613055325991,-23.668462734815,-5.987451755604
ZnS,-16.910816767340,-10.455023438238,9.944480085135
ZnS,-10.299035118325,-8.282074782205,9.417663696007
ZnS,-15.395612887823,10.644034236388,-6.983369448934
ZnS,-9.026742929942,-23.932493283858,3.867458294834
ZnS,13.275044000281,-8.330591369012,-11.716676461254
ZnS,9.587865129670,20.184219563116,-14.000000000000
ZnS,-4.121586010508,13.232103434109,13.757564679958
ZnS,4.312019222376,18.217194020015,-13.981861316182
ZnS,15.303884428166,3.983169965344,7.756389092414
ZnS,24.000000000000,0.756959282000,-12.069617393871
ZnS,-5.818429040820,11.498732604502,-4.627443164238
ZnS,1.806667776421,23.749496347817,13.982369408336
ZnS,18.290339857684,14.279094450322,8.882845338835
ZnS,13.615039987365,24.000000000000,12.288443802085
ZnS,13.030516220799,19.753993216406,10.569475981555
ZnS,9.809733991414,-12.997791734780,-12.105121560684
ZnS,-11.777180112131,2.029887937861,14.000000000000
ZnS,-8.052109799689,-10.059952383688,0.698228907667
ZnS,4.466503266441,-7.822908651355,14.000000000000
ZnS,-23.998236792242,-24.000000000000,10.133846027903
ZnS,11.668335385718,-14.077208988821,-10.260943733775
ZnS,-23.687232007506,-15.260571715350,-13.983002480508
ZnS,-24.000000000000,18.502105122700,5.717953407131
ZnS,6.625144324127,-22.258557917328,-5.291657064059
ZnS,-13.414177291405,16.389721721325,5.692621311445
ZnS,18.093269140543,22.867238865738,5.415096478201
ZnS,9.570451486125,0.007022904229,2.142823322826
ZnS,-12.511486945602,-21.758416264229,-13.800186892153
ZnS,18.716854111016,5.062674707894,-1.119360258743
ZnS,-9.454665470205,8.267390839095,7.938968566368
ZnS,14.408832761862,19.183831497069,-4.579080537937
ZnS,-17.504205324765,4.989708461178,6.514849607086
ZnS,6.533094732158,8.581585022304,-13.993522639395
ZnS,-15.839195334616,-12.763874273553,-2.840517726583
ZnS,-6.048123808707,-7.695232942178,-11.176806972103
ZnS,13.061762066777,9.494623684458,3.964011489304
ZnS,-1.195758324448,-12.438272125839,1.172651918565
ZnS,18.886967007476,-22.089732509466,6.213732151531
ZnS,-21.605870347498,23.946550804006,6.828737628129
ZnS,12.953947658715,12.110008857812,13.945543189790
ZnS,-14.793967958361,6.786406385183,1.875094188511
ZnS,22.335850621548,-15.080847845847,-2.226459862410
ZnS,-15.505592663426,18.841266562381,-2.871325080595
ZnS,15.487802457736,16.115754125473,-2.435642774383
ZnS,-0.194189866850,-3.564436936306,14.000000000000
ZnS,6.636978278837,8.280114858144,8.440073507475
ZnS,-5.269403017295,2.672896018216,-9.052297967665
ZnS,-11.140198937325,4.947550033677,-9.304335580560
ZnS,-11.985475877974,-12.365597511950,14.000000000000
ZnS,-7.926764087535,22.350397585010,14.000000000000
ZnS,2.122136280283,-0.142147371211,-5.207559784821
ZnS,10.927834812589,-14.678918118686,-12.041394444891
ZnS,-16.312777412503,8.969737159925,-6.323114180666
ZnS,-3.846952729083,-10.317423441535,12.315666583279
ZnS,-8.557005971690,17.959369073076,2.073121173068
ZnS,-22.698616656642,-20.327366138412,9.823330106426
ZnS,23.624962742744,10.097298313891,-8.855795758852
ZnS,-8.271539337207,21.094592233241,-3.998076562742
ZnS,13.112258867940,-1.909059100728,-13.991829362262
ZnS,10.960982438253,1.736710454218,2.077439983503
ZnS,-23.637608147974,-19.679228853457,8.123596258235
ZnS,-8.464707374000,4.701921365327,4.999766733532
ZnS,1.208456943463,-10.131033272684,13.968035141806
ZnS,1.148928308029,-15.371203658731,12.247973752325
ZnS,1.161509152817,-24.000000000000,8.019440597064
ZnS,12.380522419029,9.592430449711,-13.800431628268
ZnS,-10.946105743071,21.426530197917,12.320483830069
ZnS,0.080624689484,-10.910432694383,-10.332326480366
ZnS,-12.100716545919,17.253863299959,-2.501316287836
ZnS,-14.650208708748,20.008628859800,-4.684524913699
ZnS,-7.830178423477,24.000000000000,-10.681031849562
ZnS,18.370587195150,-24.000000000000,0.741887481842
ZnS,8.127930483839,-19.394997108748,14.000000000000
ZnS,-19.457397276127,22.064247761497,9.275032205665
ZnS,-10.684710890012,7.098508136141,9.304796230831
ZnS,5.457527193519,-3.705083971513,-8.565410857934
ZnS,24.000000000000,-10.962557729697,14.000000000000
ZnS,7.838431015012,-23.969530154506,-14.000000000000
ZnS,17.439399077515,7.463296048582,-14.000000000000
ZnS,-20.766925148268,-22.062559075675,-0.193495953028
ZnS,2.022791044471,-12.000062755262,7.231958104136
ZnS,15.705430838451,-11.280676114771,-1.683747554531
ZnS,15.199259980179,17.347625870464,-0.572181255836
ZnS,-17.654129518005,-3.838712832193,-6.002511202426
ZnS,-23.650087978208,23.997096818978,-2.681854884596
ZnS,-14.933338950136,-22.278909300721,0.468048419402
ZnS,14.472984356270,-13.688851208392,0.739839219872
ZnS,19.790508518403,24.000000000000,-2.306188588807
ZnS,-9.144272585847,24.000000000000,-1.274002295919
ZnS,6.913793434249,15.719427448893,4.701941755995
ZnS,4.405559619401,17.889865257482,9.198077799641
ZnS,20.427129102907,14.478343578230,-2.729043171799
ZnS,19.532472406572,-22.413020369857,1.202233100696
ZnS,-17.675974827164,14.102107827389,-10.351615310733
ZnS,18.983269505748,13.938837334708,11.040216499504
ZnS,-10.377888132531,-17.645895430186,12.694899719473
ZnS,22.494912588157,-5.128814384971,3.248827316651
ZnS,18.597688732563,15.117951840397,-6.399063188659
ZnS,-12.596266052503,-9.250977127962,2.914411028232
ZnS,-15.696796938775,-21.788505705056,-14.000000000000
ZnS,-24.000000000000,-5.194023644142,-13.874806171378
ZnS,20.777380965625,-19.672497183624,14.000000000000
ZnS,-8.072182027202,-16.109115851963,-11.918454204054
ZnS,5.691448057127,-1.092932534555,4.144975980297
ZnS,9.767664534127,-11.154274925387,8.283796145394
ZnS,19.365694145761,21.346409162375,-14.000000000000
ZnS,-13.591810726408,17.576812740339,-1.156814037674
ZnS,-5.205289172215,18.293796375745,14.000000000000
ZnS,-3.356543488851,-11.497932635779,8.624217647871
ZnS,4.978059317518,9.534113736665,-4.296058105192
ZnS,8.041628105497,22.054373115624,-12.078282296539
ZnS,8.280932379109,12.346079737604,9.248780898470
ZnS,21.349946014664,19.728986065769,-5.374981063208
ZnS,-21.417692778557,-23.878869662832,10.613425462212
ZnS,19.554842389171,18.121165128137,-13.786182441717
ZnS,12.976531469199,21.982904900125,-9.116309063815
ZnS,-1.192024765130,-22.097544976451,-13.857073485654
ZnS,11.936032351441,15.109199248968,0.249702632098
ZnS,2.224730787624,1.458157675310,-9.613399147635
ZnS,18.964482179459,2.604003264116,-4.339388708787
ZnS,7.576981117005,-14.505113616594,1.677313654401
ZnS,0.505902744411,2.476662500504,-0.472892571002
ZnS,-13.343083527476,-17.082524690839,7.383386909318
ZnS,-7.630910424112,-19.547108847234,-13.575516197514
ZnS,-14.835008913262,6.950083932829,-9.371236416175
ZnS,12.256508371566,-18.999604754032,7.716732409116
ZnS,9.334161805272,1.242886788774,-4.673723484886
ZnS,-5.120496925968,-17.903386961910,6.529787959964
ZnS,-2.030018478701,15.604510360645,-7.538343919781
ZnS,-0.212332636629,1.278415525220,-1.931912200020
ZnS,-19.122298743466,5.849528297046,5.095764215173
ZnS,-24.000000000000,-4.869663287550,0.698821032333
ZnS,-15.607595980171,-6.765019618865,4.495830541913
ZnS,20.361121211504,-14.958434981825,6.146931683152
ZnS,24.000000000000,20.405152913690,-4.699981833322
ZnS,9.910236316868,-10.221723067174,-12.721851792852
ZnS,-17.481561490663,9.021214694432,3.166770441572
ZnS,13.771954777328,12.360408049173,6.393708590533
ZnS,-0.266478951149,-19.217102578732,14.000000000000
ZnS,0.293298333189,17.428512298632,13.910041296447
ZnS,3.970648258321,-11.450771647059,2.276523312213
ZnS,-0.655922986956,14.349474104411,-14.000000000000
ZnS,-0.578665415515,-1.049255895747,6.390968142835
ZnS,9.611850716356,20.119073197391,8.571344019995
ZnS,23.928542223699,12.254030088856,-2.035275949336
ZnS,22.319192723046,-4.974871384134,-9.378134340201
ZnS,-20.348737675782,-24.000000000000,0.491046666476
ZnS,-20.389264718374,6.096136358730,-13.986143124958
